temp	cp
5.67256	-6.08307E-4
5.68788	-6.08265E-4
5.70643	-6.07302E-4
5.72249	-6.06366E-4
5.73844	-6.05788E-4
5.75457	-6.05364E-4
5.77041	-6.05248E-4
5.7883	-6.05684E-4
5.80525	-6.05069E-4
5.82165	-6.05762E-4
5.8381	-6.06232E-4
5.85489	-6.04507E-4
5.87233	-6.05798E-4
5.88905	-6.05382E-4
5.90762	-6.05354E-4
5.92137	-6.0516E-4
5.93789	-6.05316E-4
5.95642	-6.05465E-4
5.97138	-6.06348E-4
5.98914	-6.05419E-4
6.00274	-6.06047E-4
6.02	-6.06589E-4
6.03607	-6.06185E-4
6.05387	-6.06101E-4
6.07052	-6.05704E-4
6.08834	-6.05543E-4
6.10391	-6.04943E-4
6.11929	-6.05222E-4
6.13531	-6.06143E-4
6.15337	-6.04509E-4
6.16889	-6.03975E-4
6.18473	-6.04427E-4
6.20113	-6.0466E-4
6.21638	-6.05015E-4
6.23126	-6.04322E-4
6.24938	-6.04437E-4
6.26777	-6.05529E-4
6.28318	-6.05154E-4
6.29843	-6.04459E-4
6.31424	-6.04838E-4
6.33119	-6.05824E-4
6.34821	-6.05314E-4
6.36653	-6.05938E-4
6.38201	-6.0639E-4
6.39874	-6.05148E-4
6.41372	-6.06053E-4
6.43089	-6.05655E-4
6.44968	-6.05641E-4
6.46597	-6.05037E-4
6.48008	-6.0519E-4
6.49922	-6.0524E-4
6.51675	-6.0487E-4
6.53372	-6.05706E-4
6.54963	-6.0517E-4
6.56721	-6.05296E-4
6.58248	-6.04318E-4
6.60306	-6.05103E-4
6.6193	-6.05694E-4
6.63363	-6.05439E-4
6.65145	-6.0472E-4
6.66762	-6.0424E-4
6.68496	-6.04322E-4
6.70076	-6.03784E-4
6.71679	-6.04477E-4
6.73326	-6.06288E-4
6.74732	-6.05904E-4
6.76504	-6.05009E-4
6.78212	-6.04517E-4
6.79771	-6.03883E-4
6.81473	-6.03923E-4
6.83148	-6.04369E-4
6.84882	-6.05035E-4
6.86572	-6.05198E-4
6.88102	-6.04045E-4
6.89916	-6.03325E-4
6.91723	-6.04252E-4
6.93183	-6.04937E-4
6.94887	-6.04513E-4
6.9665	-6.04031E-4
6.98541	-6.04252E-4
7.00119	-6.04965E-4
7.0161	-6.05158E-4
7.03115	-6.04236E-4
7.04789	-6.03945E-4
7.06393	-6.02957E-4
7.08021	-6.02951E-4
7.09797	-6.02949E-4
7.11495	-6.03108E-4
7.13098	-6.05328E-4
7.14862	-6.03937E-4
7.16621	-6.03311E-4
7.18107	-6.02727E-4
7.1991	-6.02759E-4
7.21422	-6.02524E-4
7.23191	-6.02086E-4
7.24725	-6.04148E-4
7.26442	-6.03642E-4
7.28266	-6.0375E-4
7.30166	-6.03963E-4
7.3159	-6.03321E-4
7.33232	-6.02795E-4
7.3472	-6.02849E-4
7.36334	-6.02148E-4
7.37895	-6.0269E-4
7.39598	-6.02391E-4
7.41349	-6.03254E-4
7.42973	-6.04063E-4
7.44921	-6.04983E-4
7.46402	-6.05563E-4
7.48001	-6.05011E-4
7.49631	-6.05796E-4
7.51271	-6.05878E-4
7.52831	-6.04662E-4
7.54834	-6.0263E-4
7.56374	-6.02496E-4
7.58041	-6.01036E-4
7.59753	-6.01281E-4
7.61374	-6.02554E-4
7.63079	-6.03485E-4
7.6456	-6.04423E-4
7.66211	-6.05041E-4
7.67923	-6.03827E-4
7.69669	-6.03702E-4
7.71216	-6.04449E-4
7.72799	-6.03973E-4
7.74688	-6.02626E-4
7.76278	-6.02652E-4
7.77768	-6.03285E-4
7.79597	-6.04535E-4
7.81099	-6.03835E-4
7.82763	-6.03439E-4
7.84563	-6.0357E-4
7.86084	-6.03218E-4
7.87838	-6.0355E-4
7.8949	-6.03188E-4
7.91196	-6.0407E-4
7.92956	-6.05766E-4
7.94543	-6.03399E-4
7.96424	-6.03784E-4
7.9804	-6.04467E-4
7.99605	-6.02126E-4
8.01297	-6.02506E-4
8.03075	-6.03034E-4
8.04682	-6.02239E-4
8.06566	-6.03076E-4
8.08237	-6.0309E-4
8.09679	-6.01279E-4
8.11401	-6.02337E-4
8.1307	-6.03114E-4
8.14792	-6.03086E-4
8.16387	-6.02522E-4
8.18096	-6.03106E-4
8.19805	-6.0254E-4
8.2141	-6.02429E-4
8.22908	-6.03158E-4
8.24716	-6.04192E-4
8.26674	-6.05587E-4
8.28035	-6.05146E-4
8.2973	-6.06209E-4
8.31391	-6.04929E-4
8.33061	-6.03373E-4
8.34667	-6.03148E-4
8.36495	-6.04489E-4
8.38064	-6.04716E-4
8.39553	-6.04343E-4
8.41281	-6.03803E-4
8.42869	-6.03429E-4
8.44621	-6.02945E-4
8.46427	-6.03246E-4
8.48102	-6.02963E-4
8.49762	-6.03172E-4
8.51507	-6.03873E-4
8.53145	-6.04682E-4
8.54699	-6.0425E-4
8.56391	-6.0375E-4
8.58213	-6.03923E-4
8.59831	-6.03162E-4
8.61557	-6.03792E-4
8.6321	-6.02871E-4
8.64974	-6.03335E-4
8.66449	-6.03521E-4
8.67994	-6.03692E-4
8.69779	-6.02929E-4
8.71399	-6.03246E-4
8.72865	-6.02805E-4
8.74525	-6.01636E-4
8.76415	-6.01319E-4
8.7812	-6.0263E-4
8.79677	-6.03114E-4
8.81151	-6.01869E-4
8.82986	-6.01374E-4
8.84704	-6.02821E-4
8.86471	-6.02747E-4
8.8787	-6.02191E-4
8.89428	-6.02965E-4
8.91063	-6.04868E-4
8.92972	-6.04877E-4
8.94528	-6.03744E-4
8.96072	-6.02883E-4
8.97944	-6.03034E-4
8.99485	-6.03598E-4
9.01064	-6.02628E-4
9.02704	-6.02885E-4
9.04434	-6.01616E-4
9.06141	-6.01125E-4
9.07835	-6.02197E-4
9.09493	-6.01618E-4
9.1114	-6.01974E-4
9.12753	-6.015E-4
9.14323	-6.00508E-4
9.1616	-6.01369E-4
9.17887	-6.01323E-4
9.19157	-6.01452E-4
9.21133	-6.00884E-4
9.22853	-6.00342E-4
9.24586	-6.00994E-4
9.26226	-6.01155E-4
9.27896	-6.00227E-4
9.29628	-6.01064E-4
9.31442	-6.00073E-4
9.3334	-6.01488E-4
9.34726	-6.01817E-4
9.3656	-6.00396E-4
9.38186	-6.00406E-4
9.39744	-6.00639E-4
9.41322	-6.00346E-4
9.42863	-6.00127E-4
9.44641	-6.00069E-4
9.46481	-6.00354E-4
9.48068	-5.99266E-4
9.49615	-6.0084E-4
9.51399	-6.01183E-4
9.52916	-6.01671E-4
9.54348	-6.01879E-4
9.56131	-6.01715E-4
9.57627	-6.01165E-4
9.59478	-6.01484E-4
9.61081	-6.01488E-4
9.62678	-6.01962E-4
9.64196	-6.0252E-4
9.65797	-6.02158E-4
9.67446	-6.00466E-4
9.69282	-6.00231E-4
9.70896	-6.00378E-4
9.72438	-6.00868E-4
9.74157	-6.00777E-4
9.75903	-6.0191E-4
9.77522	-6.02431E-4
9.78959	-6.00635E-4
9.80721	-6.0037E-4
9.82562	-6.00906E-4
9.84325	-6.01353E-4
9.85838	-6.00657E-4
9.87593	-6.00291E-4
9.89414	-6.01062E-4
9.90734	-6.01229E-4
9.92643	-6.00149E-4
9.94243	-5.98806E-4
9.95809	-6.0001E-4
9.97546	-5.998E-4
9.99005	-6.00498E-4
10.00804	-5.99579E-4
10.02592	-5.99603E-4
10.04166	-6.00914E-4
10.05929	-6.01219E-4
10.07445	-6.00665E-4
10.09324	-5.99928E-4
10.10938	-5.99705E-4
10.12627	-6.01299E-4
10.14203	-5.99406E-4
10.15914	-5.98708E-4
10.17544	-6.00287E-4
10.18966	-5.99607E-4
10.20609	-5.98997E-4
10.22353	-6.00817E-4
10.24123	-6.00755E-4
10.2575	-6.00175E-4
10.27582	-6.01026E-4
10.2927	-6.02305E-4
10.30921	-6.00761E-4
10.32676	-5.97909E-4
10.34043	-5.98059E-4
10.3586	-5.99007E-4
10.37418	-5.98015E-4
10.38961	-5.98981E-4
10.40406	-5.99745E-4
10.4214	-5.99643E-4
10.44115	-5.99681E-4
10.45642	-5.9945E-4
10.47322	-5.99629E-4
10.48961	-5.99579E-4
10.50613	-6.00129E-4
10.52299	-5.9938E-4
10.54048	-6.00157E-4
10.55856	-5.99446E-4
10.57585	-5.98676E-4
10.59081	-5.99958E-4
10.60711	-6.00217E-4
10.62345	-6.00577E-4
10.63905	-5.99386E-4
10.65673	-5.98318E-4
10.67277	-5.9893E-4
10.68915	-5.98812E-4
10.70667	-5.9882E-4
10.72219	-5.98262E-4
10.7411	-5.98619E-4
10.75606	-5.97736E-4
10.77221	-5.97768E-4
10.78766	-5.97824E-4
10.80637	-5.97658E-4
10.82186	-5.98718E-4
10.83809	-5.98975E-4
10.85353	-5.99513E-4
10.87246	-5.98146E-4
10.88909	-5.97961E-4
10.90632	-5.99316E-4
10.92291	-5.99218E-4
10.93816	-6.00458E-4
10.95269	-5.9834E-4
10.97198	-5.97431E-4
10.98984	-5.97917E-4
11.00509	-5.97232E-4
11.02202	-5.95917E-4
11.03875	-5.97007E-4
11.05239	-5.97216E-4
11.07125	-5.98704E-4
11.08797	-5.96851E-4
11.10318	-5.97985E-4
11.11974	-5.9673E-4
11.13736	-5.97836E-4
11.15418	-5.97993E-4
11.17061	-5.99302E-4
11.19032	-5.98491E-4
11.20503	-5.96823E-4
11.22268	-5.96606E-4
11.2394	-5.9832E-4
11.256	-5.97981E-4
11.27286	-5.97664E-4
11.289	-5.98031E-4
11.30596	-5.97375E-4
11.32135	-5.96865E-4
11.34044	-5.97156E-4
11.35684	-5.97622E-4
11.37351	-5.96405E-4
11.38779	-5.9618E-4
11.4048	-5.95915E-4
11.42385	-5.97427E-4
11.43931	-5.97728E-4
11.45411	-5.97897E-4
11.47004	-5.98342E-4
11.48944	-5.96913E-4
11.50522	-5.96122E-4
11.52001	-5.95933E-4
11.53768	-5.96839E-4
11.5527	-5.96532E-4
11.56987	-5.96198E-4
11.58831	-5.97746E-4
11.60371	-5.97602E-4
11.6216	-5.9457E-4
11.6391	-5.94659E-4
11.65288	-5.95233E-4
11.67072	-5.96528E-4
11.68956	-5.9776E-4
11.70451	-5.97953E-4
11.72071	-5.96194E-4
11.7373	-5.96008E-4
11.75178	-5.97567E-4
11.76963	-5.98035E-4
11.78553	-5.97973E-4
11.80332	-5.98601E-4
11.8205	-5.97102E-4
11.83682	-5.96315E-4
11.85508	-5.97455E-4
11.86994	-5.971E-4
11.88548	-5.96999E-4
11.90396	-5.96788E-4
11.91801	-5.97577E-4
11.93537	-5.96375E-4
11.95362	-5.97509E-4
11.96966	-5.97051E-4
11.98572	-5.96263E-4
12.00181	-5.95331E-4
12.01884	-5.95014E-4
12.03505	-5.97579E-4
12.0548	-5.96927E-4
12.06769	-5.96102E-4
12.08396	-5.9613E-4
12.10147	-5.94582E-4
12.11971	-5.95664E-4
12.13621	-5.96008E-4
12.15109	-5.93639E-4
12.16975	-5.9398E-4
12.18741	-5.94408E-4
12.20287	-5.93842E-4
12.21814	-5.94552E-4
12.23636	-5.95203E-4
12.2535	-5.95833E-4
12.27016	-5.94717E-4
12.28611	-5.93655E-4
12.30143	-5.94711E-4
12.32042	-5.9438E-4
12.33561	-5.92723E-4
12.35269	-5.93265E-4
12.36746	-5.93051E-4
12.38506	-5.92808E-4
12.40211	-5.93615E-4
12.41818	-5.94082E-4
12.4326	-5.94908E-4
12.45214	-5.95319E-4
12.4677	-5.9352E-4
12.4835	-5.94871E-4
12.49865	-5.93834E-4
12.51792	-5.94339E-4
12.53461	-5.94632E-4
12.55082	-5.9245E-4
12.56789	-5.92053E-4
12.58557	-5.91772E-4
12.60287	-5.92214E-4
12.61934	-5.93031E-4
12.63537	-5.90889E-4
12.65263	-5.9061E-4
12.66957	-5.90252E-4
12.68482	-5.91119E-4
12.70086	-5.91981E-4
12.71792	-5.92848E-4
12.735	-5.91906E-4
12.75099	-5.93488E-4
12.76793	-5.93747E-4
12.78446	-5.92673E-4
12.80043	-5.90927E-4
12.81768	-5.91332E-4
12.8341	-5.92107E-4
12.84781	-5.92344E-4
12.8642	-5.91415E-4
12.88085	-5.91328E-4
12.89984	-5.90176E-4
12.91645	-5.91953E-4
12.93222	-5.92133E-4
12.94837	-5.9221E-4
12.96456	-5.91589E-4
12.98203	-5.90869E-4
12.99921	-5.89363E-4
13.01574	-5.90808E-4
13.03194	-5.9114E-4
13.0505	-5.91455E-4
13.06906	-5.91505E-4
13.08465	-5.91103E-4
13.1004	-5.91545E-4
13.11885	-5.89967E-4
13.1362	-5.89969E-4
13.1539	-5.90349E-4
13.17016	-5.89965E-4
13.18741	-5.91665E-4
13.20188	-5.91802E-4
13.21948	-5.91146E-4
13.23601	-5.91312E-4
13.25226	-5.89913E-4
13.26732	-5.89293E-4
13.28526	-5.89343E-4
13.30228	-5.88456E-4
13.3188	-5.8908E-4
13.33491	-5.91698E-4
13.35214	-5.92438E-4
13.36698	-5.91003E-4
13.38505	-5.91635E-4
13.40216	-5.91798E-4
13.41763	-5.92157E-4
13.4325	-5.90505E-4
13.45063	-5.89766E-4
13.46617	-5.89905E-4
13.48203	-5.90144E-4
13.49851	-5.89688E-4
13.51433	-5.8959E-4
13.53042	-5.90489E-4
13.54831	-5.90373E-4
13.56432	-5.89086E-4
13.58052	-5.89106E-4
13.59821	-5.88702E-4
13.61619	-5.90732E-4
13.63414	-5.90381E-4
13.6499	-5.89654E-4
13.66458	-5.89742E-4
13.68308	-5.88504E-4
13.70044	-5.90403E-4
13.7156	-5.90248E-4
13.73164	-5.89568E-4
13.74791	-5.88725E-4
13.76502	-5.90096E-4
13.77972	-5.8953E-4
13.79569	-5.88411E-4
13.81419	-5.88291E-4
13.83278	-5.88444E-4
13.84848	-5.89273E-4
13.8643	-5.88853E-4
13.87836	-5.88737E-4
13.89722	-5.88335E-4
13.91214	-5.88729E-4
13.92925	-5.88158E-4
13.94622	-5.87633E-4
13.96309	-5.8847E-4
13.98122	-5.89166E-4
13.99652	-5.88138E-4
14.0107	-5.89226E-4
14.0261	-5.89768E-4
14.0425	-5.88943E-4
14.05748	-5.87629E-4
14.07262	-5.86579E-4
14.09014	-5.87022E-4
14.1077	-5.85858E-4
14.12671	-5.85067E-4
14.14079	-5.84712E-4
14.15799	-5.85167E-4
14.17738	-5.86314E-4
14.19064	-5.87207E-4
14.20817	-5.88086E-4
14.22471	-5.87843E-4
14.24394	-5.86765E-4
14.25976	-5.85992E-4
14.278	-5.85667E-4
14.29268	-5.85729E-4
14.30992	-5.85191E-4
14.32813	-5.84838E-4
14.34132	-5.85466E-4
14.35922	-5.84943E-4
14.37634	-5.84862E-4
14.39355	-5.85481E-4
14.41034	-5.86E-4
14.42671	-5.86522E-4
14.4431	-5.85258E-4
14.45908	-5.84539E-4
14.47505	-5.83798E-4
14.49131	-5.85707E-4
14.50844	-5.86783E-4
14.52546	-5.84836E-4
14.54035	-5.85513E-4
14.55653	-5.86039E-4
14.57363	-5.8699E-4
14.5934	-5.85551E-4
14.60826	-5.85547E-4
14.62307	-5.86075E-4
14.64129	-5.84152E-4
14.6586	-5.831E-4
14.67511	-5.82963E-4
14.69036	-5.83343E-4
14.70695	-5.82574E-4
14.72471	-5.82074E-4
14.74095	-5.82138E-4
14.7582	-5.82542E-4
14.77479	-5.83098E-4
14.7915	-5.81963E-4
14.80746	-5.81442E-4
14.82388	-5.79846E-4
14.84277	-5.80438E-4
14.8589	-5.80988E-4
14.87408	-5.80767E-4
14.88969	-5.81052E-4
14.90674	-5.8168E-4
14.92391	-5.83409E-4
14.93999	-5.83284E-4
14.95657	-5.83738E-4
14.97365	-5.83832E-4
14.98915	-5.83228E-4
15.0064	-5.82092E-4
15.02242	-5.80608E-4
15.03782	-5.80299E-4
15.05547	-5.80819E-4
15.07382	-5.81556E-4
15.09	-5.8114E-4
15.10736	-5.8168E-4
15.12564	-5.81142E-4
15.13984	-5.81434E-4
15.15666	-5.82188E-4
15.1735	-5.80325E-4
15.19063	-5.80044E-4
15.20571	-5.80669E-4
15.22264	-5.81454E-4
15.23874	-5.81582E-4
15.25646	-5.81114E-4
15.27376	-5.80247E-4
15.28987	-5.80319E-4
15.3052	-5.80325E-4
15.32175	-5.79836E-4
15.33744	-5.81249E-4
15.35655	-5.80337E-4
15.37351	-5.8041E-4
15.38881	-5.79171E-4
15.40626	-5.80438E-4
15.4215	-5.79117E-4
15.44014	-5.7889E-4
15.45663	-5.7931E-4
15.47126	-5.79458E-4
15.48788	-5.79442E-4
15.50342	-5.79944E-4
15.51967	-5.79962E-4
15.53803	-5.79988E-4
15.55528	-5.80121E-4
15.57348	-5.7944E-4
15.59009	-5.78505E-4
15.6072	-5.78081E-4
15.62139	-5.78382E-4
15.63733	-5.79508E-4
15.65482	-5.79713E-4
15.67102	-5.78503E-4
15.68967	-5.7828E-4
15.7033	-5.79396E-4
15.72245	-5.78035E-4
15.7356	-5.76909E-4
15.75563	-5.7772E-4
15.77288	-5.78535E-4
15.79024	-5.78571E-4
15.80825	-5.78605E-4
15.82245	-5.7896E-4
15.83846	-5.79452E-4
15.85588	-5.79177E-4
15.87243	-5.78019E-4
15.88922	-5.76692E-4
15.90335	-5.75909E-4
15.92231	-5.75524E-4
15.94118	-5.75457E-4
15.95412	-5.76335E-4
15.97163	-5.76152E-4
15.98669	-5.76555E-4
16.0076	-5.75311E-4
16.0245	-5.75437E-4
16.04297	-5.74815E-4
16.05859	-5.73749E-4
16.07271	-5.74727E-4
16.0909	-5.7604E-4
16.10739	-5.7621E-4
16.12268	-5.76329E-4
16.14059	-5.76357E-4
16.15612	-5.76417E-4
16.17068	-5.75176E-4
16.18783	-5.75538E-4
16.20582	-5.76144E-4
16.22326	-5.77282E-4
16.24031	-5.77017E-4
16.25603	-5.76586E-4
16.27191	-5.7617E-4
16.29083	-5.75995E-4
16.30569	-5.75594E-4
16.32116	-5.75724E-4
16.33844	-5.76302E-4
16.35506	-5.7617E-4
16.37305	-5.75748E-4
16.38969	-5.7509E-4
16.40497	-5.74731E-4
16.42231	-5.73948E-4
16.43936	-5.7614E-4
16.45476	-5.74373E-4
16.47249	-5.74901E-4
16.48835	-5.70027E-4
16.50776	-5.72553E-4
16.52285	-5.76567E-4
16.53803	-5.78328E-4
16.55354	-5.75355E-4
16.57328	-5.79073E-4
16.59032	-5.75449E-4
16.60493	-5.7455E-4
16.62252	-5.76561E-4
16.63723	-5.77521E-4
16.65401	-5.72147E-4
16.67192	-5.75208E-4
16.6861	-5.76865E-4
16.70354	-5.72824E-4
16.71932	-5.74546E-4
16.73557	-5.72388E-4
16.75379	-5.75449E-4
16.77081	-5.7572E-4
16.78828	-5.73153E-4
16.80453	-5.73273E-4
16.81911	-5.72514E-4
16.83554	-5.6908E-4
16.85325	-5.67869E-4
16.87036	-5.71368E-4
16.88779	-5.75261E-4
16.90425	-5.75534E-4
16.92062	-5.74664E-4
16.93721	-5.74213E-4
16.95297	-5.74275E-4
16.97108	-5.72797E-4
16.98562	-5.68415E-4
17.0026	-5.70762E-4
17.02048	-5.73884E-4
17.03736	-5.70035E-4
17.05393	-5.73606E-4
17.0703	-5.75646E-4
17.08491	-5.70521E-4
17.10237	-5.68407E-4
17.11869	-5.67875E-4
17.13672	-5.72436E-4
17.1532	-5.72587E-4
17.16961	-5.6749E-4
17.18785	-5.71832E-4
17.20326	-5.73958E-4
17.22054	-5.69746E-4
17.23502	-5.69495E-4
17.25182	-5.69736E-4
17.26918	-5.68401E-4
17.28679	-5.71198E-4
17.3039	-5.71059E-4
17.32039	-5.69433E-4
17.33512	-5.71495E-4
17.3529	-5.71101E-4
17.36976	-5.68437E-4
17.38621	-5.69861E-4
17.40122	-5.68259E-4
17.41712	-5.67789E-4
17.43257	-5.67098E-4
17.4517	-5.6714E-4
17.46858	-5.67871E-4
17.48442	-5.68144E-4
17.49916	-5.68068E-4
17.51578	-5.6761E-4
17.53338	-5.67068E-4
17.54828	-5.65934E-4
17.56522	-5.65213E-4
17.58256	-5.6427E-4
17.60014	-5.64904E-4
17.61607	-5.64816E-4
17.63176	-5.64681E-4
17.64932	-5.63635E-4
17.66574	-5.64511E-4
17.68333	-5.65318E-4
17.69868	-5.64163E-4
17.71489	-5.64732E-4
17.73119	-5.65201E-4
17.74712	-5.65599E-4
17.7649	-5.63929E-4
17.78061	-5.6391E-4
17.80038	-5.6386E-4
17.81579	-5.62686E-4
17.83298	-5.60634E-4
17.84905	-5.59321E-4
17.86561	-5.58292E-4
17.88116	-5.60094E-4
17.89685	-5.58575E-4
17.9127	-5.59785E-4
17.93211	-5.59948E-4
17.94812	-5.58547E-4
17.96517	-5.57511E-4
17.9813	-5.58035E-4
17.99728	-5.57974E-4
18.01688	-5.56826E-4
18.03338	-5.55706E-4
18.04828	-5.56573E-4
18.06449	-5.57258E-4
18.08066	-5.56477E-4
18.09662	-5.55995E-4
18.112	-5.56832E-4
18.1291	-5.56573E-4
18.14756	-5.54869E-4
18.16324	-5.55578E-4
18.17878	-5.55895E-4
18.19739	-5.56158E-4
18.21558	-5.5617E-4
18.23124	-5.54769E-4
18.24709	-5.53076E-4
18.26521	-5.54303E-4
18.28048	-5.52326E-4
18.29645	-5.52384E-4
18.31306	-5.51794E-4
18.33184	-5.51786E-4
18.34721	-5.5128E-4
18.36155	-5.51229E-4
18.37915	-5.50993E-4
18.39554	-5.50447E-4
18.41198	-5.49794E-4
18.42951	-5.49814E-4
18.44761	-5.49756E-4
18.46589	-5.48471E-4
18.48143	-5.49646E-4
18.49685	-5.50653E-4
18.51304	-5.5077E-4
18.528	-5.50234E-4
18.54724	-5.47859E-4
18.5627	-5.47604E-4
18.57907	-5.4609E-4
18.59719	-5.46028E-4
18.61289	-5.4536E-4
18.62914	-5.45645E-4
18.64782	-5.45143E-4
18.66443	-5.45119E-4
18.68142	-5.44017E-4
18.69509	-5.43928E-4
18.71143	-5.42102E-4
18.72857	-5.41957E-4
18.74528	-5.41355E-4
18.76287	-5.42236E-4
18.77921	-5.41134E-4
18.79508	-5.41985E-4
18.81131	-5.41656E-4
18.82717	-5.39448E-4
18.84335	-5.39385E-4
18.86057	-5.39496E-4
18.87867	-5.38928E-4
18.89692	-5.3948E-4
18.91427	-5.38157E-4
18.9292	-5.35754E-4
18.94797	-5.34062E-4
18.96288	-5.35108E-4
18.9804	-5.34568E-4
18.99669	-5.33453E-4
19.01272	-5.33435E-4
19.02991	-5.33572E-4
19.04451	-5.34307E-4
19.06155	-5.33066E-4
19.07827	-5.32952E-4
19.09587	-5.32879E-4
19.11291	-5.32962E-4
19.12819	-5.32849E-4
19.146	-5.31077E-4
19.16185	-5.30248E-4
19.17779	-5.29513E-4
19.19347	-5.28585E-4
19.20974	-5.29218E-4
19.2262	-5.28824E-4
19.24319	-5.26548E-4
19.25976	-5.26191E-4
19.27772	-5.2486E-4
19.2946	-5.23729E-4
19.312	-5.23934E-4
19.32785	-5.22864E-4
19.34561	-5.22386E-4
19.36072	-5.22079E-4
19.37968	-5.20152E-4
19.39561	-5.18881E-4
19.41171	-5.18317E-4
19.42833	-5.16938E-4
19.44551	-5.16075E-4
19.4621	-5.14712E-4
19.47634	-5.15684E-4
19.49406	-5.17207E-4
19.51118	-5.14754E-4
19.52864	-5.12925E-4
19.54655	-5.12175E-4
19.56317	-5.12088E-4
19.577	-5.11506E-4
19.59614	-5.11767E-4
19.61124	-5.09896E-4
19.62869	-5.09946E-4
19.64318	-5.08716E-4
19.65988	-5.06736E-4
19.67765	-5.05411E-4
19.69264	-5.05664E-4
19.71071	-5.05576E-4
19.72645	-5.04418E-4
19.74218	-5.02531E-4
19.76069	-5.01794E-4
19.77732	-5.00901E-4
19.79379	-5.01555E-4
19.8109	-4.99726E-4
19.82758	-4.98179E-4
19.84398	-4.96824E-4
19.86187	-4.97715E-4
19.87761	-4.96651E-4
19.89283	-4.95762E-4
19.90974	-4.95699E-4
19.92882	-4.94549E-4
19.94422	-4.9466E-4
19.96073	-4.93836E-4
19.9759	-4.92184E-4
19.99127	-4.9093E-4
20.01187	-4.89749E-4
20.0284	-4.89115E-4
20.04246	-4.87959E-4
20.05919	-4.85536E-4
20.078	-4.85578E-4
20.09399	-4.8413E-4
20.11092	-4.83352E-4
20.12734	-4.81463E-4
20.1414	-4.82129E-4
20.15946	-4.81093E-4
20.1776	-4.78771E-4
20.19274	-4.78166E-4
20.2082	-4.78544E-4
20.2259	-4.77295E-4
20.24209	-4.75727E-4
20.25878	-4.74059E-4
20.27446	-4.73186E-4
20.2936	-4.72278E-4
20.30996	-4.71124E-4
20.32787	-4.70036E-4
20.34117	-4.70139E-4
20.36064	-4.68593E-4
20.37694	-4.66501E-4
20.3934	-4.64014E-4
20.40888	-4.63524E-4
20.42398	-4.63255E-4
20.44249	-4.62127E-4
20.45892	-4.6132E-4
20.4743	-4.59702E-4
20.49248	-4.59198E-4
20.51079	-4.56956E-4
20.52416	-4.55777E-4
20.53888	-4.55053E-4
20.55658	-4.52722E-4
20.57245	-4.5103E-4
20.59201	-4.50269E-4
20.60921	-4.49279E-4
20.62838	-4.48649E-4
20.64074	-4.47346E-4
20.65756	-4.44933E-4
20.67646	-4.43237E-4
20.69289	-4.42687E-4
20.70981	-4.42167E-4
20.72482	-4.40061E-4
20.7412	-4.39499E-4
20.75747	-4.37702E-4
20.77387	-4.35416E-4
20.78996	-4.33605E-4
20.80683	-4.33822E-4
20.82352	-4.30783E-4
20.84121	-4.31318E-4
20.8586	-4.28612E-4
20.8724	-4.2569E-4
20.88911	-4.25248E-4
20.90754	-4.23072E-4
20.92301	-4.21209E-4
20.94041	-4.20814E-4
20.95762	-4.18635E-4
20.97341	-4.18868E-4
20.98867	-4.18115E-4
21.00734	-4.16265E-4
21.02365	-4.15054E-4
21.04121	-4.14416E-4
21.05693	-4.1353E-4
21.07369	-4.12874E-4
21.08903	-4.09975E-4
21.10592	-4.08494E-4
21.12472	-4.07536E-4
21.13896	-4.06354E-4
21.15684	-4.05364E-4
21.17178	-4.02885E-4
21.1894	-4.02156E-4
21.20714	-3.99627E-4
21.22519	-3.97758E-4
21.24067	-3.95536E-4
21.25641	-3.94436E-4
21.27192	-3.94052E-4
21.28982	-3.91603E-4
21.30543	-3.90796E-4
21.32266	-3.90449E-4
21.33891	-3.88584E-4
21.35391	-3.8706E-4
21.37023	-3.86004E-4
21.38788	-3.84292E-4
21.4026	-3.82694E-4
21.42073	-3.82124E-4
21.43648	-3.80209E-4
21.45329	-3.78874E-4
21.47089	-3.77956E-4
21.48559	-3.76746E-4
21.50014	-3.75491E-4
21.51792	-3.73416E-4
21.53585	-3.72635E-4
21.55307	-3.71366E-4
21.56888	-3.70814E-4
21.58445	-3.69246E-4
21.60022	-3.68471E-4
21.61722	-3.66432E-4
21.63749	-3.64519E-4
21.65227	-3.63234E-4
21.66764	-3.59972E-4
21.68578	-3.58161E-4
21.70208	-3.56007E-4
21.71922	-3.54305E-4
21.73761	-3.53054E-4
21.75274	-3.52297E-4
21.76995	-3.51458E-4
21.78452	-3.50766E-4
21.80219	-3.48535E-4
21.81807	-3.47361E-4
21.83499	-3.45665E-4
21.85243	-3.43818E-4
21.86904	-3.41808E-4
21.88462	-3.40777E-4
21.90159	-3.39891E-4
21.9194	-3.38299E-4
21.93684	-3.37589E-4
21.9535	-3.35019E-4
21.97079	-3.32809E-4
21.9878	-3.32048E-4
22.00378	-3.31219E-4
22.01845	-3.28808E-4
22.03567	-3.29021E-4
22.05188	-3.29352E-4
22.06733	-3.28999E-4
22.08433	-3.27913E-4
22.10279	-3.26369E-4
22.11945	-3.26833E-4
22.13677	-3.24093E-4
22.15163	-3.22382E-4
22.16767	-3.20465E-4
22.18669	-3.1915E-4
22.20427	-3.1864E-4
22.2205	-3.17416E-4
22.23474	-3.15615E-4
22.25263	-3.14381E-4
22.26784	-3.153E-4
22.28503	-3.1466E-4
22.30164	-3.1327E-4
22.31746	-3.1112E-4
22.3346	-3.09175E-4
22.35288	-3.09456E-4
22.36809	-3.10313E-4
22.38498	-3.10241E-4
22.40084	-3.09739E-4
22.4199	-3.06841E-4
22.43528	-3.06877E-4
22.45246	-3.05301E-4
22.46739	-3.04006E-4
22.48326	-3.05781E-4
22.49788	-3.039E-4
22.51722	-3.03424E-4
22.53483	-3.03733E-4
22.55153	-3.02884E-4
22.56655	-3.02545E-4
22.58343	-3.00395E-4
22.59992	-2.99987E-4
22.61738	-3.00654E-4
22.633	-3.00732E-4
22.65049	-3.0018E-4
22.6686	-2.99056E-4
22.6867	-3.01467E-4
22.70278	-2.99794E-4
22.71956	-2.99343E-4
22.73509	-2.99194E-4
22.75225	-2.97775E-4
22.77144	-2.98116E-4
22.78454	-2.97486E-4
22.80146	-2.98855E-4
22.81697	-2.99339E-4
22.83444	-2.99114E-4
22.85097	-2.98939E-4
22.86935	-2.99343E-4
22.88623	-2.99572E-4
22.90213	-2.99317E-4
22.91705	-2.98534E-4
22.93272	-2.98726E-4
22.95189	-2.99566E-4
22.96767	-3.001E-4
22.98431	-3.00216E-4
23.00081	-3.00792E-4
23.01758	-3.01983E-4
23.03519	-3.0122E-4
23.04971	-3.01734E-4
23.0663	-3.03311E-4
23.08378	-3.04345E-4
23.10026	-3.05182E-4
23.11579	-3.0615E-4
23.13183	-3.07065E-4
23.14545	-3.06491E-4
23.16395	-3.0728E-4
23.18116	-3.08481E-4
23.19807	-3.06885E-4
23.2153	-3.07336E-4
23.23249	-3.10494E-4
23.2499	-3.1303E-4
23.26441	-3.13588E-4
23.28077	-3.13987E-4
23.29791	-3.14118E-4
23.31466	-3.15997E-4
23.33186	-3.13877E-4
23.35183	-3.1633E-4
23.36353	-3.17498E-4
23.37948	-3.1903E-4
23.39647	-3.19945E-4
23.41465	-3.20391E-4
23.43182	-3.20393E-4
23.44745	-3.21063E-4
23.46374	-3.23131E-4
23.47972	-3.23185E-4
23.49579	-3.2328E-4
23.5121	-3.26012E-4
23.53194	-3.27192E-4
23.54676	-3.27704E-4
23.565	-3.2837E-4
23.58156	-3.31018E-4
23.59538	-3.32169E-4
23.61477	-3.33056E-4
23.63156	-3.35174E-4
23.64813	-3.36557E-4
23.66325	-3.38343E-4
23.6786	-3.4008E-4
23.69382	-3.41216E-4
23.71335	-3.42662E-4
23.73017	-3.43376E-4
23.74765	-3.45339E-4
23.76393	-3.45504E-4
23.78179	-3.47128E-4
23.79808	-3.4767E-4
23.81514	-3.48417E-4
23.83186	-3.50639E-4
23.846	-3.52528E-4
23.86297	-3.55569E-4
23.88046	-3.5673E-4
23.89825	-3.56965E-4
23.91409	-3.59883E-4
23.93003	-3.61046E-4
23.94717	-3.60377E-4
23.96278	-3.62328E-4
23.97947	-3.63186E-4
23.99712	-3.63951E-4
24.01451	-3.66715E-4
24.03231	-3.69601E-4
24.04884	-3.70722E-4
24.064	-3.70866E-4
24.07991	-3.71874E-4
24.0969	-3.72898E-4
24.11349	-3.74313E-4
24.13118	-3.73739E-4
24.14918	-3.75714E-4
24.16331	-3.78278E-4
24.17954	-3.79998E-4
24.19614	-3.81337E-4
24.21455	-3.83736E-4
24.23105	-3.84621E-4
24.24638	-3.85788E-4
24.26438	-3.86135E-4
24.28124	-3.89341E-4
24.29701	-3.90501E-4
24.31271	-3.9283E-4
24.3276	-3.92769E-4
24.34753	-3.94404E-4
24.36513	-3.96545E-4
24.38035	-3.8279E-4
24.39698	-3.69678E-4
24.41102	-3.66863E-4
24.42926	-3.6911E-4
24.44763	-3.75903E-4
24.46077	-3.79948E-4
24.47726	-3.84892E-4
24.49463	-3.88897E-4
24.51192	-3.94048E-4
24.52887	-4.02694E-4
24.54273	-4.09423E-4
24.5595	-4.13077E-4
24.57627	-4.14755E-4
24.59513	-4.1567E-4
24.61072	-4.18065E-4
24.6263	-4.19729E-4
24.64354	-4.20868E-4
24.66003	-4.21083E-4
24.68049	-4.21444E-4
24.69497	-4.22243E-4
24.71027	-4.24485E-4
24.72659	-4.26282E-4
24.74362	-4.27589E-4
24.76078	-4.27544E-4
24.77835	-4.30216E-4
24.79568	-4.31798E-4
24.81099	-4.31871E-4
24.82851	-4.33081E-4
24.84473	-4.34689E-4
24.86031	-4.36582E-4
24.87777	-4.38146E-4
24.89482	-4.37566E-4
24.91132	-4.3972E-4
24.92653	-4.42066E-4
24.94287	-4.43191E-4
24.9614	-4.44622E-4
24.97807	-4.447E-4
24.99354	-4.46226E-4
25.0097	-4.46669E-4
25.02601	-4.47984E-4
25.04237	-4.49329E-4
25.05723	-4.51505E-4
25.07502	-4.50913E-4
25.09172	-4.51415E-4
25.10939	-4.53252E-4
25.12596	-4.55484E-4
25.14331	-4.54978E-4
25.15923	-4.54037E-4
25.17474	-4.55358E-4
25.19172	-4.56534E-4
25.20906	-4.56986E-4
25.22433	-4.5808E-4
25.24352	-4.60465E-4
25.2607	-4.61671E-4
25.27683	-4.63671E-4
25.29293	-4.64845E-4
25.30877	-4.63891E-4
25.32447	-4.66804E-4
25.34275	-4.67394E-4
25.35967	-4.67535E-4
25.37623	-4.69683E-4
25.39299	-4.69994E-4
25.40881	-4.70638E-4
25.42409	-4.70361E-4
25.43807	-4.71128E-4
25.45618	-4.71638E-4
25.47465	-4.7318E-4
25.49097	-4.72726E-4
25.50594	-4.73389E-4
25.52305	-4.75147E-4
25.53868	-4.76061E-4
25.55323	-4.77777E-4
25.57274	-4.7819E-4
25.58893	-4.79154E-4
25.60444	-4.78078E-4
25.62103	-4.78018E-4
25.64109	-4.79802E-4
25.65651	-4.78672E-4
25.67149	-4.79925E-4
25.6851	-4.80682E-4
25.70337	-4.82597E-4
25.71899	-4.82739E-4
25.73788	-4.83721E-4
25.75407	-4.83878E-4
25.77171	-4.82567E-4
25.78911	-4.83111E-4
25.80607	-4.85054E-4
25.82252	-4.84974E-4
25.83872	-4.87575E-4
25.85216	-4.884E-4
25.87149	-4.88489E-4
25.8883	-4.88131E-4
25.90491	-4.89292E-4
25.92322	-4.89966E-4
25.93889	-4.89308E-4
25.95584	-4.89103E-4
25.97143	-4.89155E-4
25.98914	-4.88966E-4
26.00352	-4.91215E-4
26.02111	-4.93363E-4
26.03676	-4.93857E-4
26.05501	-4.9308E-4
26.06979	-4.93477E-4
26.08569	-4.92648E-4
26.10235	-4.93519E-4
26.11973	-4.93248E-4
26.13482	-4.9425E-4
26.15062	-4.94399E-4
26.1677	-4.9358E-4
26.1862	-4.93594E-4
26.20472	-4.95161E-4
26.22162	-4.95567E-4
26.23919	-4.952E-4
26.2568	-4.95216E-4
26.27375	-4.94686E-4
26.28774	-4.95577E-4
26.30488	-4.96422E-4
26.3209	-4.96914E-4
26.33588	-4.98614E-4
26.35253	-4.98293E-4
26.36815	-4.96812E-4
26.38569	-4.97805E-4
26.40251	-4.98146E-4
26.41932	-4.98076E-4
26.43561	-4.97614E-4
26.45011	-4.98476E-4
26.47013	-5.00602E-4
26.48556	-5.00475E-4
26.50039	-5.00985E-4
26.51789	-5.0062E-4
26.53486	-5.01113E-4
26.55088	-5.00134E-4
26.56655	-4.98229E-4
26.58553	-4.9741E-4
26.60308	-4.99E-4
26.61985	-4.99825E-4
26.63579	-5.00031E-4
26.65247	-4.99935E-4
26.66985	-4.99281E-4
26.68642	-4.99891E-4
26.69945	-4.9918E-4
26.71699	-4.9968E-4
26.73289	-5.01258E-4
26.75025	-5.01366E-4
26.76409	-5.00218E-4
26.77928	-4.99068E-4
26.79697	-4.99267E-4
26.81553	-4.99514E-4
26.83043	-4.99544E-4
26.84731	-4.99483E-4
26.86424	-4.99391E-4
26.88306	-5.01095E-4
26.89837	-4.9975E-4
26.9167	-4.99439E-4
26.93389	-5.01075E-4
26.94865	-5.01929E-4
26.96737	-5.01065E-4
26.98642	-5.01415E-4
26.99936	-5.00712E-4
27.0161	-4.99592E-4
27.03272	-4.9752E-4
27.0488	-4.97924E-4
27.06571	-4.99311E-4
27.08226	-4.98265E-4
27.09845	-4.97036E-4
27.11631	-4.97777E-4
27.13289	-4.96916E-4
27.14767	-4.84964E-4
27.16313	-4.68788E-4
27.1826	-4.65144E-4
27.19967	-4.65995E-4
27.21494	-4.68868E-4
27.23048	-4.70711E-4
27.24633	-4.73218E-4
27.26636	-4.75996E-4
27.28352	-4.78453E-4
27.2994	-4.83717E-4
27.31582	-4.90227E-4
27.33075	-4.92736E-4
27.34839	-4.94354E-4
27.36644	-4.94312E-4
27.38341	-4.94945E-4
27.39803	-4.94553E-4
27.41677	-4.9213E-4
27.43165	-4.92086E-4
27.45022	-4.9316E-4
27.466	-4.92684E-4
27.48181	-4.91831E-4
27.49925	-4.90321E-4
27.51576	-4.90586E-4
27.53343	-4.90195E-4
27.54874	-4.91426E-4
27.56707	-4.90438E-4
27.58323	-4.8941E-4
27.60159	-4.8843E-4
27.61646	-4.87754E-4
27.63576	-4.88515E-4
27.65082	-4.88926E-4
27.66885	-4.88368E-4
27.68346	-4.88083E-4
27.70017	-4.88169E-4
27.71836	-4.89191E-4
27.73551	-4.87951E-4
27.75223	-4.86909E-4
27.76801	-4.86899E-4
27.7819	-4.87593E-4
27.7983	-4.88416E-4
27.81482	-4.88424E-4
27.83236	-4.87091E-4
27.85134	-4.87991E-4
27.86733	-4.87226E-4
27.88267	-4.87477E-4
27.89988	-4.86234E-4
27.91594	-4.85311E-4
27.93234	-4.84638E-4
27.95134	-4.83309E-4
27.96626	-4.82972E-4
27.98384	-4.81238E-4
27.99941	-4.84759E-4
28.01593	-4.85692E-4
28.0303	-4.83898E-4
28.04844	-4.83416E-4
28.06442	-4.82898E-4
28.0812	-4.80206E-4
28.09747	-4.79473E-4
28.11448	-4.77478E-4
28.13029	-4.75506E-4
28.14773	-4.76797E-4
28.16416	-4.77966E-4
28.18031	-4.77369E-4
28.19966	-4.77211E-4
28.21744	-4.77602E-4
28.23211	-4.78028E-4
28.24748	-4.77789E-4
28.26308	-4.76687E-4
28.27952	-4.75958E-4
28.29941	-4.77831E-4
28.31452	-4.76831E-4
28.32967	-4.76635E-4
28.34667	-4.77512E-4
28.36341	-4.75796E-4
28.38089	-4.76129E-4
28.39683	-4.7586E-4
28.4141	-4.75233E-4
28.43048	-4.76892E-4
28.44757	-4.75908E-4
28.46467	-4.7599E-4
28.47959	-4.75886E-4
28.49738	-4.7438E-4
28.51435	-4.75394E-4
28.53004	-4.75792E-4
28.5467	-4.75571E-4
28.56311	-4.75296E-4
28.57967	-4.74384E-4
28.59576	-4.74107E-4
28.61288	-4.73995E-4
28.62809	-4.75284E-4
28.64675	-4.76046E-4
28.66377	-4.74274E-4
28.67861	-4.75169E-4
28.69481	-4.75814E-4
28.71103	-4.74966E-4
28.72766	-4.75613E-4
28.74408	-4.76566E-4
28.7614	-4.75958E-4
28.77857	-4.7436E-4
28.79411	-4.74467E-4
28.81015	-4.74629E-4
28.82645	-4.74928E-4
28.84503	-4.74238E-4
28.86288	-4.74495E-4
28.87719	-4.74928E-4
28.89511	-4.73915E-4
28.91207	-4.72812E-4
28.92935	-4.72409E-4
28.94379	-4.72481E-4
28.9597	-4.70622E-4
28.9795	-4.7002E-4
28.99507	-4.71624E-4
29.01019	-4.7277E-4
29.02854	-4.71548E-4
29.04285	-4.70747E-4
29.06056	-4.70741E-4
29.07921	-4.71273E-4
29.09394	-4.71391E-4
29.11164	-4.69982E-4
29.12872	-4.70291E-4
29.14573	-4.70265E-4
29.1613	-4.69119E-4
29.17863	-4.69386E-4
29.19475	-4.71357E-4
29.21042	-4.69845E-4
29.22755	-4.70281E-4
29.24321	-4.69538E-4
29.26097	-4.68398E-4
29.27734	-4.68025E-4
29.2944	-4.6841E-4
29.3118	-4.69042E-4
29.32922	-4.68731E-4
29.3452	-4.6675E-4
29.36058	-4.674E-4
29.37711	-4.67655E-4
29.39416	-4.67643E-4
29.41196	-4.66595E-4
29.42824	-4.67689E-4
29.44406	-4.68364E-4
29.45911	-4.6633E-4
29.48007	-4.67017E-4
29.49394	-4.65853E-4
29.50999	-4.65594E-4
29.52775	-4.66838E-4
29.54235	-4.66214E-4
29.55778	-4.65714E-4
29.57119	-4.62255E-4
29.58512	-4.60424E-4
29.60228	-4.60593E-4
29.61974	-4.59891E-4
29.63708	-4.59601E-4
29.65253	-4.62127E-4
29.66899	-4.62524E-4
29.68474	-4.62057E-4
29.70098	-4.6147E-4
29.71876	-4.61408E-4
29.73624	-4.59971E-4
29.75437	-4.5932E-4
29.77056	-4.58722E-4
29.78663	-4.58132E-4
29.80342	-4.57526E-4
29.82051	-4.57114E-4
29.83421	-4.5704E-4
29.85235	-4.57293E-4
29.86886	-4.58178E-4
29.88592	-4.57654E-4
29.904	-4.57277E-4
29.91875	-4.55043E-4
29.9355	-4.54304E-4
29.95277	-4.52154E-4
29.96983	-4.52489E-4
29.98826	-4.5111E-4
30.00366	-4.34261E-4
30.02014	-4.21293E-4
30.03413	-4.20812E-4
30.05263	-4.21805E-4
30.06788	-4.23815E-4
30.08582	-4.25824E-4
30.10255	-4.28809E-4
30.12059	-4.30696E-4
30.1352	-4.3385E-4
30.15523	-4.35651E-4
30.17058	-4.41392E-4
30.18739	-4.45569E-4
30.2035	-4.46657E-4
30.21944	-4.47175E-4
30.23332	-4.46537E-4
30.2514	-4.47099E-4
30.26563	-4.46129E-4
30.28296	-4.46278E-4
30.29995	-4.45248E-4
30.31612	-4.45049E-4
30.33095	-4.44869E-4
30.34763	-4.44967E-4
30.3674	-4.43217E-4
30.38112	-4.43935E-4
30.39738	-4.43931E-4
30.41479	-4.4301E-4
30.43228	-4.41711E-4
30.45022	-4.41025E-4
30.46784	-4.41741E-4
30.48318	-4.413E-4
30.50093	-4.40794E-4
30.51513	-4.38893E-4
30.53214	-4.39979E-4
30.54988	-4.38015E-4
30.56697	-4.36706E-4
30.58515	-4.3604E-4
30.59866	-4.34267E-4
30.61533	-4.34633E-4
30.63272	-4.35036E-4
30.64848	-4.33615E-4
30.66677	-4.33358E-4
30.68032	-4.32204E-4
30.69931	-4.30429E-4
30.71657	-4.29711E-4
30.73123	-4.27815E-4
30.74936	-4.27314E-4
30.76418	-4.25977E-4
30.78225	-4.24879E-4
30.79918	-4.24706E-4
30.81562	-4.24379E-4
30.82917	-4.24385E-4
30.84749	-4.23833E-4
30.86808	-4.22913E-4
30.88423	-4.21006E-4
30.89887	-4.19792E-4
30.91575	-4.18774E-4
30.93058	-4.19027E-4
30.94736	-4.2085E-4
30.96657	-4.1942E-4
30.98324	-4.18071E-4
30.99959	-4.16724E-4
31.01446	-4.16245E-4
31.02948	-4.1651E-4
31.04743	-4.16295E-4
31.06455	-4.15564E-4
31.08175	-4.15992E-4
31.09692	-4.15353E-4
31.11486	-4.14524E-4
31.13096	-4.13079E-4
31.14648	-4.11698E-4
31.16266	-4.09666E-4
31.17895	-4.09014E-4
31.1947	-4.07602E-4
31.2105	-4.05892E-4
31.22804	-4.05418E-4
31.24443	-4.05503E-4
31.26125	-4.05206E-4
31.27787	-4.02811E-4
31.29315	-4.02389E-4
31.31182	-4.00462E-4
31.32714	-3.99015E-4
31.34356	-3.9894E-4
31.36267	-3.98336E-4
31.37857	-3.97373E-4
31.39401	-3.96636E-4
31.40949	-3.95779E-4
31.42704	-3.92812E-4
31.44362	-3.91445E-4
31.46057	-3.89702E-4
31.47763	-3.89391E-4
31.49537	-3.90005E-4
31.5109	-3.88712E-4
31.52846	-3.85181E-4
31.54696	-3.82387E-4
31.56357	-3.80297E-4
31.57993	-3.79109E-4
31.59854	-3.79237E-4
31.61479	-3.77973E-4
31.63059	-3.76061E-4
31.64463	-3.73598E-4
31.66007	-3.69945E-4
31.68028	-3.6711E-4
31.69598	-3.66351E-4
31.71428	-3.63784E-4
31.72917	-3.62124E-4
31.74757	-3.59064E-4
31.76364	-3.58081E-4
31.77766	-3.54662E-4
31.79637	-3.5302E-4
31.81239	-3.4919E-4
31.8278	-3.47467E-4
31.84483	-3.45404E-4
31.86217	-3.4332E-4
31.87713	-3.39805E-4
31.89394	-3.37257E-4
31.91001	-3.33957E-4
31.92886	-3.31056E-4
31.94577	-3.28678E-4
31.96202	-3.24757E-4
31.97773	-3.21196E-4
31.99462	-3.18851E-4
32.00949	-3.14876E-4
32.02766	-3.11211E-4
32.04437	-3.08609E-4
32.06018	-3.05897E-4
32.0737	-3.02906E-4
32.09302	-2.99411E-4
32.10917	-2.95043E-4
32.12402	-2.90526E-4
32.14376	-2.8738E-4
32.15914	-2.82725E-4
32.17643	-2.77979E-4
32.19259	-2.74547E-4
32.2095	-2.70692E-4
32.22553	-2.66959E-4
32.2416	-2.62807E-4
32.25781	-2.5659E-4
32.27448	-2.53065E-4
32.29376	-2.48388E-4
32.30864	-2.42586E-4
32.32361	-2.38104E-4
32.33963	-2.33685E-4
32.35639	-2.27769E-4
32.37482	-2.20992E-4
32.39286	-2.14444E-4
32.40828	-2.08572E-4
32.4252	-2.02479E-4
32.44155	-1.9714E-4
32.45713	-1.89957E-4
32.47438	-1.83117E-4
32.49248	-1.7577E-4
32.5079	-1.68893E-4
32.5252	-1.61094E-4
32.54297	-1.52817E-4
32.5618	-1.44823E-4
32.57597	-1.37227E-4
32.59266	-1.29894E-4
32.61024	-1.22145E-4
32.62802	-1.12144E-4
32.64689	-1.04407E-4
32.66053	-9.51912E-5
32.67695	-8.38331E-5
32.69239	-7.55022E-5
32.71032	-6.77976E-5
32.72668	-5.7929E-5
32.74377	-4.67033E-5
32.75922	-3.62264E-5
32.7766	-2.63899E-5
32.79282	-1.50478E-5
32.80828	-5.35788E-6
32.82468	6.15484E-6
32.84	1.82296E-5
32.85901	3.07802E-5
32.87471	4.69141E-5
32.89073	7.63152E-5
32.90732	9.77869E-5
32.92331	1.11823E-4
32.93854	1.22583E-4
32.95775	1.32805E-4
32.9745	1.43246E-4
32.99052	1.5088E-4
33.00729	1.62013E-4
33.02176	1.74184E-4
33.03776	1.85181E-4
33.05477	1.95461E-4
33.06976	2.03449E-4
33.08922	2.14313E-4
33.10517	2.27637E-4
33.12154	2.41004E-4
33.13771	2.56241E-4
33.15274	2.70937E-4
33.17012	2.84524E-4
33.18828	2.98128E-4
33.20666	3.12158E-4
33.22264	3.2652E-4
33.23954	3.40628E-4
33.25761	3.54038E-4
33.27286	3.68951E-4
33.28993	3.83047E-4
33.30492	3.97595E-4
33.32182	4.11268E-4
33.33603	4.25601E-4
33.35402	4.39938E-4
33.3706	4.54302E-4
33.38632	4.67081E-4
33.40321	4.80824E-4
33.41914	4.97376E-4
33.43731	5.11199E-4
33.45261	5.25446E-4
33.46809	5.39944E-4
33.48409	5.54116E-4
33.50125	5.69238E-4
33.51973	5.82411E-4
33.53246	5.96315E-4
33.55196	6.09879E-4
33.56916	6.23865E-4
33.58317	6.35707E-4
33.60303	6.50691E-4
33.62052	6.66286E-4
33.63733	6.80421E-4
33.65455	6.94188E-4
33.6698	7.08174E-4
33.68647	7.2168E-4
33.70447	7.34965E-4
33.72035	7.48879E-4
33.73534	7.61227E-4
33.75508	7.7449E-4
33.76935	7.87289E-4
33.78545	7.99764E-4
33.80396	8.13693E-4
33.82126	8.27591E-4
33.83692	8.41238E-4
33.85453	8.53959E-4
33.87063	8.68657E-4
33.88727	8.8121E-4
33.90438	8.94578E-4
33.92049	9.07831E-4
33.9383	9.20168E-4
33.95307	9.33572E-4
33.96844	9.47753E-4
33.98452	9.605E-4
34.00256	9.73462E-4
34.02069	9.87775E-4
34.03522	0.001
34.05374	0.00101
34.07093	0.00102
34.08766	0.00104
34.10193	0.00105
34.11994	0.00106
34.13877	0.00108
34.15274	0.00109
34.16992	0.0011
34.18755	0.00112
34.20392	0.00113
34.22187	0.00114
34.23621	0.00115
34.25357	0.00117
34.26949	0.00118
34.28707	0.00119
34.30361	0.0012
34.31981	0.00121
34.33574	0.00123
34.34929	0.00124
34.3677	0.00125
34.38479	0.00126
34.40005	0.00128
34.41744	0.00129
34.43516	0.0013
34.45174	0.00131
34.46827	0.00133
34.48273	0.00134
34.50041	0.00135
34.51746	0.00136
34.53584	0.00137
34.55004	0.00139
34.56662	0.0014
34.58408	0.00141
34.60181	0.00142
34.61856	0.00143
34.63434	0.00144
34.65209	0.00146
34.66789	0.00147
34.6854	0.00148
34.70107	0.00149
34.71727	0.0015
34.73496	0.00151
34.75176	0.00153
34.76814	0.00154
34.78628	0.00155
34.80203	0.00156
34.81873	0.00157
34.83314	0.00158
34.85041	0.0016
34.86773	0.00161
34.88293	0.00162
34.89961	0.00163
34.91773	0.00164
34.93373	0.00165
34.94952	0.00166
34.96542	0.00168
34.98166	0.00169
34.99756	0.0017
35.01429	0.00171
35.03159	0.00172
35.04927	0.00173
35.06648	0.00174
35.08197	0.00175
35.09971	0.00177
35.11501	0.00178
35.13345	0.00179
35.14851	0.0018
35.16522	0.00181
35.18233	0.00182
35.1988	0.00183
35.21706	0.00184
35.23327	0.00186
35.24779	0.00186
35.26744	0.00188
35.28491	0.00189
35.29827	0.0019
35.31412	0.00191
35.33254	0.00192
35.34948	0.00194
35.36345	0.00195
35.38065	0.00196
35.39854	0.00197
35.41443	0.00198
35.43333	0.00199
35.45001	0.002
35.46564	0.00202
35.4819	0.00203
35.49821	0.00204
35.51588	0.00205
35.5316	0.00206
35.55036	0.00207
35.56715	0.00208
35.58184	0.00209
35.59886	0.00211
35.61404	0.00212
35.63075	0.00213
35.64793	0.00214
35.66557	0.00215
35.68218	0.00216
35.69777	0.00217
35.7152	0.00218
35.73154	0.00219
35.74931	0.0022
35.76537	0.00221
35.78434	0.00222
35.79943	0.00223
35.81628	0.00224
35.83501	0.00227
35.84955	0.00229
35.86611	0.0023
35.87931	0.00231
35.89591	0.00232
35.91554	0.00232
35.93217	0.00233
35.9502	0.00234
35.96411	0.00235
35.98436	0.00235
36.00035	0.00236
36.01432	0.00236
36.03052	0.00237
36.04836	0.00237
36.06606	0.00238
36.08112	0.00238
36.09837	0.00239
36.11338	0.0024
36.13288	0.00241
36.14803	0.00242
36.16483	0.00242
36.18187	0.00243
36.1963	0.00243
36.21545	0.00244
36.2305	0.00244
36.24725	0.00245
36.26303	0.00245
36.28279	0.00246
36.29731	0.00246
36.31141	0.00246
36.32986	0.00247
36.34647	0.00247
36.36268	0.00247
36.37887	0.00247
36.39392	0.00247
36.41042	0.00247
36.42785	0.00247
36.44514	0.00247
36.46154	0.00246
36.47948	0.00246
36.49404	0.00245
36.5129	0.00245
36.52835	0.00244
36.54519	0.00243
36.55958	0.00242
36.57832	0.00241
36.59495	0.0024
36.61194	0.00239
36.62864	0.00237
36.64239	0.00236
36.65952	0.00234
36.67648	0.00233
36.69248	0.0023
36.70853	0.00228
36.72591	0.00226
36.74316	0.00223
36.75972	0.0022
36.77697	0.00217
36.79177	0.00214
36.80743	0.0021
36.82463	0.00207
36.84023	0.00202
36.85776	0.00198
36.87315	0.00193
36.89029	0.00189
36.90755	0.00184
36.92164	0.00178
36.93957	0.00173
36.95621	0.00167
36.97454	0.00161
36.99178	0.00155
37.00634	0.00149
37.02302	0.00143
37.04058	0.00137
37.05608	0.00131
37.07324	0.00125
37.08937	0.00119
37.10527	0.00114
37.12348	0.00109
37.14243	0.00104
37.15722	9.91593E-4
37.17562	9.46725E-4
37.19233	9.03816E-4
37.20663	8.62782E-4
37.22097	8.22857E-4
37.24087	7.87048E-4
37.25751	7.50898E-4
37.27368	7.15182E-4
37.2921	6.82033E-4
37.30754	6.49171E-4
37.32423	6.17367E-4
37.33846	5.85412E-4
37.35525	5.5403E-4
37.37119	5.24229E-4
37.38715	4.95093E-4
37.40626	4.63921E-4
37.42344	4.3657E-4
37.43837	4.06553E-4
37.45482	3.79026E-4
37.47318	3.52821E-4
37.48902	3.27078E-4
37.50803	3.00969E-4
37.52262	2.74637E-4
37.5377	2.51126E-4
37.55525	2.28572E-4
37.57455	2.07145E-4
37.58797	1.87444E-4
37.60644	1.65305E-4
37.62212	1.44763E-4
37.64056	1.25209E-4
37.65736	1.06395E-4
37.67264	8.85566E-5
37.68936	7.06241E-5
37.70648	5.43176E-5
37.72104	3.89224E-5
37.738	2.42821E-5
37.7567	9.43903E-6
37.77436	-3.25407E-6
37.78891	-1.65354E-5
37.80619	-2.9907E-5
37.82213	-4.38467E-5
37.83947	-5.83706E-5
37.85759	-6.9795E-5
37.87413	-8.07255E-5
37.89158	-9.18629E-5
37.90753	-1.02988E-4
37.92496	-1.13027E-4
37.94262	-1.24105E-4
37.96026	-1.34919E-4
37.97417	-1.45506E-4
37.99008	-1.55704E-4
38.00729	-1.64362E-4
38.02359	-1.72207E-4
38.04234	-1.8013E-4
38.05617	-1.87632E-4
38.07308	-1.97282E-4
38.0875	-2.0384E-4
38.10445	-2.10401E-4
38.12124	-2.1872E-4
38.1368	-2.26402E-4
38.15463	-2.33396E-4
38.17135	-2.3882E-4
38.188	-2.45806E-4
38.20499	-2.51602E-4
38.22211	-2.57654E-4
38.23669	-2.63207E-4
38.25339	-2.6836E-4
38.27004	-2.74302E-4
38.28919	-2.79128E-4
38.30327	-2.84235E-4
38.32006	-2.91482E-4
38.33537	-2.95583E-4
38.35185	-3.00312E-4
38.36932	-3.04618E-4
38.38655	-3.09816E-4
38.40462	-3.12078E-4
38.42014	-3.1758E-4
38.43889	-3.22589E-4
38.45428	-3.27511E-4
38.47051	-3.30822E-4
38.48652	-3.34824E-4
38.50259	-3.38325E-4
38.52216	-3.42517E-4
38.53617	-3.45602E-4
38.55385	-3.48495E-4
38.57103	-3.52253E-4
38.58749	-3.5566E-4
38.60279	-3.59905E-4
38.61907	-3.61642E-4
38.6356	-3.65069E-4
38.65299	-3.68843E-4
38.66888	-3.72482E-4
38.68735	-3.73448E-4
38.7064	-3.75487E-4
38.71908	-3.7886E-4
38.73574	-3.80747E-4
38.75399	-3.82841E-4
38.76881	-3.84198E-4
38.78938	-3.86213E-4
38.80256	-3.87911E-4
38.81879	-3.89688E-4
38.83518	-3.85213E-4
38.853	-3.67867E-4
38.87019	-3.62134E-4
38.88717	-3.6604E-4
38.90292	-3.72625E-4
38.91986	-3.76591E-4
38.93736	-3.81267E-4
38.95381	-3.85316E-4
38.96949	-3.90868E-4
38.98577	-3.94486E-4
39.00464	-3.9766E-4
39.02011	-3.99944E-4
39.03598	-4.04557E-4
39.05247	-4.11933E-4
39.06788	-4.15618E-4
39.08519	-4.17481E-4
39.10154	-4.18965E-4
39.11888	-4.22658E-4
39.13531	-4.23347E-4
39.15019	-4.24945E-4
39.16632	-4.25637E-4
39.1846	-4.26493E-4
39.20088	-4.27803E-4
39.21815	-4.29279E-4
39.23476	-4.30034E-4
39.2501	-4.32338E-4
39.26991	-4.3382E-4
39.28633	-4.34438E-4
39.30104	-4.35179E-4
39.31738	-4.35092E-4
39.33731	-4.36907E-4
39.35323	-4.40131E-4
39.36852	-4.39822E-4
39.3875	-4.3868E-4
39.40416	-4.39949E-4
39.42048	-4.40846E-4
39.43846	-4.41273E-4
39.4508	-4.43369E-4
39.46618	-4.45828E-4
39.4861	-4.46288E-4
39.5023	-4.46708E-4
39.51888	-4.46788E-4
39.53621	-4.46694E-4
39.55402	-4.48739E-4
39.56919	-4.50291E-4
39.58483	-4.50996E-4
39.60109	-4.53131E-4
39.61613	-4.52792E-4
39.63172	-4.53137E-4
39.64906	-4.537E-4
39.6646	-4.54924E-4
39.68181	-4.55175E-4
39.69652	-4.56835E-4
39.71496	-4.58877E-4
39.73106	-4.58098E-4
39.74837	-4.59023E-4
39.76476	-4.59895E-4
39.7833	-4.6073E-4
39.79849	-4.6085E-4
39.81568	-4.61599E-4
39.832	-4.61394E-4
39.84936	-4.62591E-4
39.86819	-4.62984E-4
39.88446	-4.64168E-4
39.90056	-4.65632E-4
39.91618	-4.65997E-4
39.9308	-4.66361E-4
39.94803	-4.66646E-4
39.96691	-4.66788E-4
39.98298	-4.66907E-4
39.99892	-4.67228E-4
40.01582	-4.68952E-4
40.03126	-4.69866E-4
40.04747	-4.7053E-4
40.06772	-4.7042E-4
40.08371	-4.68942E-4
40.1012	-4.70982E-4
40.11707	-4.73268E-4
40.1303	-4.74639E-4
40.1486	-4.73256E-4
40.16595	-4.7311E-4
40.18247	-4.72738E-4
40.19909	-4.72543E-4
40.21732	-4.72539E-4
40.23257	-4.73955E-4
40.25143	-4.75151E-4
40.26773	-4.76185E-4
40.28159	-4.77247E-4
40.3004	-4.77217E-4
40.31625	-4.77426E-4
40.33185	-4.77311E-4
40.34796	-4.77584E-4
40.36496	-4.76374E-4
40.38198	-4.76157E-4
40.3987	-4.76071E-4
40.41557	-4.77084E-4
40.43331	-4.77602E-4
40.44844	-4.79562E-4
40.46644	-4.7815E-4
40.48181	-4.78178E-4
40.49739	-4.7813E-4
40.51588	-4.78439E-4
40.53024	-4.78325E-4
40.54851	-4.78698E-4
40.56553	-4.78759E-4
40.58282	-4.78698E-4
40.59866	-4.79351E-4
40.61423	-4.79913E-4
40.63048	-4.8143E-4
40.64719	-4.81715E-4
40.66338	-4.81607E-4
40.67987	-4.82789E-4
40.6956	-4.82508E-4
40.71292	-4.83863E-4
40.73085	-4.84233E-4
40.74848	-4.83976E-4
40.76393	-4.85313E-4
40.77965	-4.84313E-4
40.79665	-4.84841E-4
40.81401	-4.85339E-4
40.831	-4.86238E-4
40.84673	-4.86847E-4
40.8634	-4.86156E-4
40.88102	-4.86108E-4
40.89754	-4.8681E-4
40.9132	-4.87274E-4
40.93225	-4.88188E-4
40.94957	-4.87517E-4
40.96701	-4.87605E-4
40.98234	-4.87049E-4
40.99734	-4.86903E-4
41.01353	-4.88438E-4
41.03061	-4.89179E-4
41.0485	-4.88473E-4
41.06296	-4.88936E-4
41.0818	-4.88918E-4
41.09748	-4.89051E-4
41.11376	-4.8931E-4
41.12776	-4.89872E-4
41.1452	-4.90243E-4
41.16339	-4.91279E-4
41.17872	-4.9105E-4
41.19702	-4.89771E-4
41.21303	-4.91466E-4
41.22742	-4.9108E-4
41.24773	-4.91422E-4
41.26068	-4.9251E-4
41.27765	-4.92536E-4
41.2925	-4.93951E-4
41.30943	-4.9436E-4
41.3258	-4.94529E-4
41.34377	-4.95258E-4
41.35868	-4.95615E-4
41.37578	-4.93501E-4
41.39357	-4.92626E-4
41.40956	-4.937E-4
41.42464	-4.94248E-4
41.44312	-4.95473E-4
41.45754	-4.94963E-4
41.4748	-4.94553E-4
41.49116	-4.94364E-4
41.50886	-4.96245E-4
41.52642	-4.97066E-4
41.54388	-4.97293E-4
41.55785	-4.97066E-4
41.57542	-4.96834E-4
41.59435	-4.97619E-4
41.60742	-4.96643E-4
41.62569	-4.97468E-4
41.63959	-4.96812E-4
41.65951	-4.97331E-4
41.67419	-4.96585E-4
41.69141	-4.98618E-4
41.70866	-4.98024E-4
41.72476	-4.99136E-4
41.74063	-4.99738E-4
41.75901	-4.9956E-4
41.7741	-5.00035E-4
41.79127	-4.99754E-4
41.80659	-4.99622E-4
41.82243	-4.99877E-4
41.84177	-5.00778E-4
41.85685	-4.99283E-4
41.87507	-5.01124E-4
41.89217	-5.0182E-4
41.90611	-4.96151E-4
41.92267	-4.76426E-4
41.94043	-4.70213E-4
41.95907	-4.6736E-4
41.97505	-4.73417E-4
41.98779	-4.7645E-4
42.00746	-4.75185E-4
42.02316	-4.78431E-4
42.0402	-4.82193E-4
42.05609	-4.88025E-4
42.07153	-4.91901E-4
42.09024	-4.91642E-4
42.10831	-4.92869E-4
42.12391	-4.94593E-4
42.14062	-5.00186E-4
42.15654	-5.02609E-4
42.17176	-5.05867E-4
42.18599	-5.06339E-4
42.20523	-5.07001E-4
42.22124	-5.03757E-4
42.23826	-5.05301E-4
42.25681	-5.04703E-4
42.27371	-5.05193E-4
42.28936	-5.04733E-4
42.30468	-5.03727E-4
42.32098	-5.05301E-4
42.3392	-5.0559E-4
42.35465	-5.0728E-4
42.37362	-5.05725E-4
42.38864	-5.06168E-4
42.40394	-5.08053E-4
42.42332	-5.06206E-4
42.4416	-5.1039E-4
42.45775	-5.08828E-4
42.47293	-5.06226E-4
42.49053	-5.05295E-4
42.50562	-5.03737E-4
42.52133	-5.06417E-4
42.53825	-5.10516E-4
42.55311	-5.05295E-4
42.56976	-5.06592E-4
42.58978	-5.08013E-4
42.60464	-5.07437E-4
42.62372	-5.08204E-4
42.63891	-5.05785E-4
42.65588	-5.06178E-4
42.6738	-5.06789E-4
42.68961	-5.07007E-4
42.70685	-5.09025E-4
42.72535	-5.08469E-4
42.74308	-5.07939E-4
42.75731	-5.08254E-4
42.7728	-5.07481E-4
42.79104	-5.08264E-4
42.80807	-5.10575E-4
42.82206	-5.10751E-4
42.83859	-5.11928E-4
42.85494	-5.11631E-4
42.87198	-5.08776E-4
42.88686	-5.06516E-4
42.9033	-5.06911E-4
42.92112	-5.06236E-4
42.94024	-5.04604E-4
42.95608	-5.06267E-4
42.97192	-5.10922E-4
42.98685	-5.1432E-4
43.00543	-5.1263E-4
43.02078	-5.09944E-4
43.03653	-5.11783E-4
43.05343	-5.15332E-4
43.07293	-5.12042E-4
43.08957	-5.11705E-4
43.10416	-5.13118E-4
43.12078	-5.11797E-4
43.13639	-5.14234E-4
43.15266	-5.13184E-4
43.17087	-5.10577E-4
43.18605	-5.15557E-4
43.2018	-5.14905E-4
43.22209	-5.12373E-4
43.24013	-5.12996E-4
43.25465	-5.0993E-4
43.27021	-5.11468E-4
43.28798	-5.12875E-4
43.30598	-5.12476E-4
43.32434	-5.16615E-4
43.33876	-5.12721E-4
43.3566	-5.14889E-4
43.37342	-5.19158E-4
43.38798	-5.15304E-4
43.40511	-5.16725E-4
43.42171	-5.15792E-4
43.43966	-5.16491E-4
43.45502	-5.16033E-4
43.47009	-5.13875E-4
43.48857	-5.15134E-4
43.50511	-5.13801E-4
43.51948	-5.13953E-4
43.53674	-5.14602E-4
43.555	-5.1424E-4
43.57296	-5.14941E-4
43.58762	-5.16882E-4
43.6027	-5.17312E-4
43.61837	-5.15838E-4
43.63742	-5.16342E-4
43.65394	-5.15258E-4
43.67299	-5.16852E-4
43.68757	-5.15465E-4
43.70429	-5.17039E-4
43.71973	-5.18323E-4
43.73647	-5.17996E-4
43.75387	-5.1581E-4
43.77158	-5.1784E-4
43.7883	-5.17771E-4
43.80328	-5.18725E-4
43.82186	-5.17866E-4
43.83793	-5.1733E-4
43.85448	-5.1688E-4
43.87192	-5.16332E-4
43.88746	-5.17101E-4
43.90536	-5.18157E-4
43.9204	-5.18647E-4
43.93557	-5.17793E-4
43.95326	-5.17308E-4
43.97081	-5.17565E-4
43.98701	-5.1629E-4
44.00299	-5.17191E-4
44.01878	-5.16862E-4
44.03628	-5.15969E-4
44.05138	-5.16874E-4
44.06844	-5.1698E-4
44.08508	-5.1701E-4
44.10378	-5.16816E-4
44.12035	-5.17199E-4
44.13668	-5.15943E-4
44.15333	-5.14774E-4
44.16793	-5.16436E-4
44.18592	-5.17097E-4
44.20204	-5.17085E-4
44.21952	-5.17043E-4
44.23632	-5.16675E-4
44.25386	-5.17631E-4
44.27097	-5.17984E-4
44.2859	-5.17414E-4
44.3017	-5.1896E-4
44.32204	-5.19395E-4
44.33721	-5.20784E-4
44.35298	-5.20935E-4
44.36994	-5.19891E-4
44.38592	-5.19909E-4
44.40147	-5.21826E-4
44.41926	-5.22079E-4
44.43543	-5.2122E-4
44.45198	-5.20648E-4
44.46957	-5.20648E-4
44.48474	-5.2118E-4
44.50342	-5.2053E-4
44.51977	-5.19781E-4
44.53549	-5.19773E-4
44.55243	-5.21593E-4
44.56814	-5.21206E-4
44.58776	-5.21114E-4
44.60314	-5.21033E-4
44.62042	-5.19959E-4
44.63634	-5.18743E-4
44.65314	-5.18076E-4
44.66891	-5.20351E-4
44.68534	-5.20823E-4
44.70215	-5.20128E-4
44.7194	-5.18538E-4
44.73381	-5.18596E-4
44.75124	-5.19114E-4
44.7693	-5.18341E-4
44.78447	-5.18357E-4
44.80107	-5.18582E-4
44.81618	-5.1858E-4
44.83397	-5.18147E-4
44.85084	-5.18863E-4
44.86868	-5.1842E-4
44.88466	-5.18496E-4
44.89758	-5.19839E-4
44.91764	-5.19341E-4
44.93363	-5.18944E-4
44.95182	-5.18677E-4
44.96847	-5.18062E-4
44.98327	-5.17996E-4
45.00166	-5.18697E-4
45.02057	-5.18335E-4
45.03503	-5.19492E-4
45.05069	-5.14284E-4
45.06659	-4.95087E-4
45.0841	-4.86319E-4
45.10289	-4.85973E-4
45.11884	-4.87577E-4
45.13373	-4.91538E-4
45.15262	-4.96358E-4
45.1692	-4.98068E-4
45.18066	-5.00216E-4
45.19648	-5.01479E-4
45.21309	-5.0191E-4
45.22997	-5.04358E-4
45.24443	-5.08557E-4
45.2612	-5.08587E-4
45.27984	-5.11865E-4
45.29629	-5.163E-4
45.31368	-5.18769E-4
45.32916	-5.19179E-4
45.34721	-5.17623E-4
45.36424	-5.18333E-4
45.38045	-5.19751E-4
45.3954	-5.19056E-4
45.41119	-5.18486E-4
45.42781	-5.18094E-4
45.44593	-5.17251E-4
45.4625	-5.17643E-4
45.47783	-5.17554E-4
45.49514	-5.19152E-4
45.51112	-5.19189E-4
45.52903	-5.20594E-4
45.54703	-5.21104E-4
45.5628	-5.21029E-4
45.57852	-5.20708E-4
45.59356	-5.20455E-4
45.61171	-5.20305E-4
45.62888	-5.21228E-4
45.64635	-5.2062E-4
45.65939	-5.20899E-4
45.6752	-5.21945E-4
45.69396	-5.21425E-4
45.70933	-5.21471E-4
45.72641	-5.20853E-4
45.74287	-5.20297E-4
45.75835	-5.21216E-4
45.7743	-5.20379E-4
45.79137	-5.20226E-4
45.81046	-5.20343E-4
45.82891	-5.21363E-4
45.84415	-5.22394E-4
45.86018	-5.22846E-4
45.87442	-5.21875E-4
45.89025	-5.23242E-4
45.90878	-5.21862E-4
45.92761	-5.19231E-4
45.94319	-5.1909E-4
45.95687	-5.20473E-4
45.97656	-5.20315E-4
45.99099	-5.20044E-4
46.00776	-5.17719E-4
46.02533	-5.17025E-4
46.04245	-5.1745E-4
46.05972	-5.17888E-4
46.07595	-5.19484E-4
46.09304	-5.1895E-4
46.10778	-5.17755E-4
46.12509	-5.17665E-4
46.14446	-5.16535E-4
46.15955	-5.16683E-4
46.17594	-5.17253E-4
46.19228	-5.18349E-4
46.21164	-5.1951E-4
46.22724	-5.18639E-4
46.24059	-5.17338E-4
46.25873	-5.17649E-4
46.27707	-5.16244E-4
46.29301	-5.14666E-4
46.31097	-5.15786E-4
46.32709	-5.16545E-4
46.34484	-5.16922E-4
46.36111	-5.18157E-4
46.37795	-5.16639E-4
46.39452	-5.1752E-4
46.40991	-5.17952E-4
46.42515	-5.1784E-4
46.44247	-5.18247E-4
46.45893	-5.17761E-4
46.4761	-5.17856E-4
46.49264	-5.18673E-4
46.50939	-5.18012E-4
46.52499	-5.16553E-4
46.54272	-5.15587E-4
46.55997	-5.15027E-4
46.57659	-5.15997E-4
46.59039	-5.16218E-4
46.60802	-5.16499E-4
46.62226	-5.15686E-4
46.64163	-5.14965E-4
46.65896	-5.1485E-4
46.67613	-5.15657E-4
46.69245	-5.15495E-4
46.70681	-5.14266E-4
46.72226	-5.13092E-4
46.74138	-5.1352E-4
46.75978	-5.15065E-4
46.77446	-5.14893E-4
46.79155	-5.12492E-4
46.80674	-5.12877E-4
46.8209	-5.13817E-4
46.83961	-5.13774E-4
46.85796	-5.13861E-4
46.87385	-5.13224E-4
46.89177	-5.14178E-4
46.90519	-5.13933E-4
46.92344	-5.13979E-4
46.94171	-5.15774E-4
46.95589	-5.16402E-4
46.97339	-5.17241E-4
46.98968	-5.15918E-4
47.00574	-5.16798E-4
47.02252	-5.16647E-4
47.03878	-5.16768E-4
47.05663	-5.16392E-4
47.07211	-5.1644E-4
47.08655	-5.16326E-4
47.10303	-5.17073E-4
47.12153	-5.16695E-4
47.13753	-5.17366E-4
47.15649	-5.16968E-4
47.1749	-5.16758E-4
47.19149	-5.1677E-4
47.20749	-5.16739E-4
47.22616	-5.16862E-4
47.24066	-5.16318E-4
47.25714	-5.15629E-4
47.27437	-5.15539E-4
47.29113	-5.16697E-4
47.30665	-5.17528E-4
47.32456	-5.19128E-4
47.34012	-5.17844E-4
47.35912	-5.16205E-4
47.37461	-5.16304E-4
47.38972	-5.17952E-4
47.4069	-5.16527E-4
47.42363	-5.17402E-4
47.43985	-5.15555E-4
47.45816	-5.16131E-4
47.47511	-5.14395E-4
47.493	-5.14429E-4
47.5085	-5.14949E-4
47.52452	-5.1427E-4
47.54098	-5.1583E-4
47.55998	-5.15973E-4
47.57416	-5.14901E-4
47.59095	-5.13202E-4
47.60733	-5.14266E-4
47.62264	-5.14628E-4
47.64002	-5.14786E-4
47.65651	-5.13885E-4
47.67359	-5.13411E-4
47.68834	-5.13389E-4
47.70537	-5.14226E-4
47.72257	-5.12821E-4
47.74015	-5.12142E-4
47.75581	-5.14539E-4
47.77185	-5.13054E-4
47.79013	-5.11755E-4
47.80686	-5.11221E-4
47.82295	-5.11564E-4
47.84109	-5.11496E-4
47.85639	-5.11241E-4
47.87279	-5.14047E-4
47.88974	-5.14471E-4
47.90772	-5.14642E-4
47.92242	-5.15451E-4
47.94011	-5.14322E-4
47.95637	-5.14995E-4
47.97094	-5.15127E-4
47.98917	-5.14248E-4
48.00632	-5.15111E-4
48.02199	-5.14383E-4
48.0363	-5.14112E-4
48.05405	-5.13632E-4
48.0722	-5.12492E-4
48.08808	-5.12177E-4
48.10649	-5.12692E-4
48.12187	-5.1202E-4
48.13634	-5.11542E-4
48.15411	-5.11588E-4
48.17199	-5.12233E-4
48.18726	-5.13481E-4
48.20383	-5.1211E-4
48.22286	-5.12359E-4
48.24012	-5.0995E-4
48.25566	-4.95306E-4
48.27164	-4.80322E-4
48.28578	-4.7814E-4
48.30393	-4.81352E-4
48.3216	-4.8412E-4
48.33827	-4.8711E-4
48.35528	-4.90257E-4
48.37308	-4.9215E-4
48.38972	-4.93796E-4
48.40461	-4.95846E-4
48.42209	-4.97E-4
48.43904	-4.98606E-4
48.45547	-5.02025E-4
48.47313	-5.03824E-4
48.4878	-5.07282E-4
48.50577	-5.11761E-4
48.52236	-5.14007E-4
48.54139	-5.15503E-4
48.55488	-5.14433E-4
48.57303	-5.15567E-4
48.58885	-5.1572E-4
48.60496	-5.13441E-4
48.62097	-5.12259E-4
48.63793	-5.13931E-4
48.65611	-5.13325E-4
48.67241	-5.12333E-4
48.6917	-5.12939E-4
48.70751	-5.13431E-4
48.72433	-5.13226E-4
48.7426	-5.12765E-4
48.75698	-5.13008E-4
48.77488	-5.12781E-4
48.79124	-5.13437E-4
48.80767	-5.15208E-4
48.8241	-5.14993E-4
48.83934	-5.15461E-4
48.85583	-5.1522E-4
48.87331	-5.16254E-4
48.88994	-5.15828E-4
48.9055	-5.14987E-4
48.92208	-5.15403E-4
48.9397	-5.14246E-4
48.95583	-5.14449E-4
48.97182	-5.16703E-4
48.98912	-5.15906E-4
49.00662	-5.16193E-4
49.02111	-5.17163E-4
49.03718	-5.18231E-4
49.05565	-5.17139E-4
49.07121	-5.17073E-4
49.0869	-5.17356E-4
49.10181	-5.14834E-4
49.11852	-5.14096E-4
49.13395	-5.14373E-4
49.15185	-5.13923E-4
49.17014	-5.12791E-4
49.18581	-5.13803E-4
49.20257	-5.15276E-4
49.21951	-5.1639E-4
49.23586	-5.1481E-4
49.25381	-5.14662E-4
49.26706	-5.15461E-4
49.28226	-5.16679E-4
49.30219	-5.17679E-4
49.31913	-5.16539E-4
49.33459	-5.16047E-4
49.35107	-5.16346E-4
49.36894	-5.16185E-4
49.38515	-5.15248E-4
49.40088	-5.14991E-4
49.41623	-5.15657E-4
49.43384	-5.1481E-4
49.45165	-5.15396E-4
49.4679	-5.16035E-4
49.48378	-5.14852E-4
49.50107	-5.14053E-4
49.51641	-5.13666E-4
49.53157	-5.16338E-4
49.54944	-5.14887E-4
49.56658	-5.14379E-4
49.58253	-5.15902E-4
49.59951	-5.15417E-4
49.61878	-5.16286E-4
49.63214	-5.17081E-4
49.64866	-5.1754E-4
49.66843	-5.17217E-4
49.68235	-5.15808E-4
49.69971	-5.1534E-4
49.71534	-5.16155E-4
49.72893	-5.16677E-4
49.74651	-5.15949E-4
49.76414	-5.15639E-4
49.78175	-5.1522E-4
49.79745	-5.16559E-4
49.81478	-5.16561E-4
49.83151	-5.15121E-4
49.84725	-5.14389E-4
49.86407	-5.13931E-4
49.88048	-5.13427E-4
49.89499	-5.13694E-4
49.91449	-5.14561E-4
49.92873	-5.14033E-4
49.94559	-5.15531E-4
49.96279	-5.15262E-4
49.97819	-5.14411E-4
49.99506	-5.13863E-4
50.01092	-5.14033E-4
50.02825	-5.14011E-4
50.04702	-5.14585E-4
50.06267	-5.13036E-4
50.07954	-5.13297E-4
50.097	-5.13841E-4
50.11402	-5.13939E-4
50.12969	-5.14276E-4
50.14742	-5.13594E-4
50.16483	-5.14816E-4
50.18125	-5.15744E-4
50.19579	-5.14545E-4
50.2129	-5.14959E-4
50.23257	-5.15483E-4
50.24762	-5.15105E-4
50.26633	-5.15322E-4
50.28345	-5.15461E-4
50.29866	-5.14808E-4
50.31481	-5.1515E-4
50.33222	-5.14156E-4
50.34759	-5.14917E-4
50.36446	-5.15601E-4
50.38291	-5.1533E-4
50.39905	-5.14947E-4
50.41551	-5.13198E-4
50.43255	-5.1363E-4
50.44794	-5.12729E-4
50.46492	-5.1259E-4
50.48185	-5.14339E-4
50.496	-5.13797E-4
50.51324	-5.14838E-4
50.53143	-5.14682E-4
50.54777	-5.14865E-4
50.56427	-5.14003E-4
50.5784	-5.14204E-4
50.59618	-5.14774E-4
50.61314	-5.1375E-4
50.63233	-5.13867E-4
50.64752	-5.14411E-4
50.66358	-5.15832E-4
50.67913	-5.15481E-4
50.69646	-5.12941E-4
50.71202	-5.13662E-4
50.72884	-5.14678E-4
50.74578	-5.13178E-4
50.76311	-5.12674E-4
50.78075	-5.13473E-4
50.79729	-5.12733E-4
50.81294	-5.12012E-4
50.82775	-5.11647E-4
50.84566	-5.10918E-4
50.86129	-5.09183E-4
50.87787	-5.07682E-4
50.89402	-5.08224E-4
50.91205	-5.09212E-4
50.93003	-5.09123E-4
50.94436	-5.10868E-4
50.962	-5.11663E-4
50.97826	-5.12293E-4
50.99292	-5.12526E-4
51.01083	-5.10474E-4
51.02834	-5.10571E-4
51.04577	-5.11319E-4
51.06182	-5.11325E-4
51.0772	-5.10775E-4
51.09545	-5.11847E-4
51.11217	-5.11456E-4
51.12837	-5.10534E-4
51.14378	-5.09806E-4
51.16005	-5.09996E-4
51.1761	-5.0829E-4
51.19327	-5.07232E-4
51.21032	-5.0879E-4
51.22678	-5.07921E-4
51.24464	-5.08178E-4
51.26203	-5.09318E-4
51.27767	-5.09113E-4
51.2938	-5.09573E-4
51.31092	-5.09932E-4
51.32473	-5.10023E-4
51.34285	-5.08158E-4
51.35858	-5.07844E-4
51.376	-5.0761E-4
51.39038	-5.06652E-4
51.40575	-5.0827E-4
51.42279	-5.09982E-4
51.43974	-5.10071E-4
51.45836	-5.07776E-4
51.4742	-5.00174E-4
51.49135	-4.79343E-4
51.50707	-4.73015E-4
51.52371	-4.73377E-4
51.54166	-4.76247E-4
51.55888	-4.79869E-4
51.57318	-4.84976E-4
51.59036	-4.87443E-4
51.60865	-4.8991E-4
51.62536	-4.916E-4
51.64352	-4.93248E-4
51.65779	-4.9382E-4
51.67368	-4.9586E-4
51.69006	-4.96779E-4
51.70586	-4.99508E-4
51.72264	-5.01407E-4
51.73953	-5.06588E-4
51.75758	-5.0936E-4
51.77282	-5.08738E-4
51.79096	-5.09639E-4
51.80853	-5.08382E-4
51.82319	-5.0667E-4
51.838	-5.05391E-4
51.85574	-5.06078E-4
51.87017	-5.07011E-4
51.88921	-5.07196E-4
51.905	-5.09356E-4
51.92269	-5.07742E-4
51.93621	-5.0775E-4
51.95365	-5.06953E-4
51.97347	-5.05401E-4
51.98949	-5.05813E-4
52.00345	-5.07664E-4
52.02	-5.07469E-4
52.0384	-5.062E-4
52.05315	-5.05423E-4
52.07021	-5.05705E-4
52.08825	-5.04408E-4
52.10623	-5.04717E-4
52.12211	-5.03723E-4
52.13958	-5.04354E-4
52.15731	-5.04247E-4
52.17218	-5.05608E-4
52.18951	-5.06403E-4
52.20652	-5.04996E-4
52.22087	-5.04514E-4
52.23862	-5.06238E-4
52.25581	-5.0652E-4
52.27365	-5.06028E-4
52.28711	-5.05357E-4
52.30666	-5.04089E-4
52.32294	-5.05012E-4
52.3393	-5.05779E-4
52.35514	-5.05927E-4
52.37217	-5.04823E-4
52.39054	-5.05375E-4
52.4057	-5.04851E-4
52.42334	-5.03039E-4
52.44069	-5.03715E-4
52.45659	-5.0329E-4
52.47306	-5.03075E-4
52.48919	-5.04731E-4
52.50436	-5.05351E-4
52.51864	-5.05273E-4
52.53852	-5.04775E-4
52.5542	-5.05034E-4
52.57241	-5.04574E-4
52.59081	-5.0436E-4
52.60465	-5.0398E-4
52.62033	-5.04725E-4
52.63504	-5.0292E-4
52.65478	-5.03852E-4
52.67038	-5.04865E-4
52.68671	-5.04448E-4
52.70104	-5.03824E-4
52.71863	-5.03532E-4
52.7373	-5.04448E-4
52.75537	-5.0342E-4
52.77256	-5.0237E-4
52.79075	-5.01615E-4
52.80605	-5.01009E-4
52.82304	-5.00772E-4
52.83928	-5.01107E-4
52.85694	-5.02645E-4
52.87311	-5.03079E-4
52.89109	-5.0341E-4
52.90609	-5.04839E-4
52.92313	-5.03235E-4
52.93887	-5.03137E-4
52.95343	-5.03567E-4
52.97254	-5.03751E-4
52.9888	-5.03856E-4
53.00352	-5.03486E-4
53.01971	-5.02471E-4
53.03606	-5.0236E-4
53.05228	-5.0279E-4
53.07024	-5.02996E-4
53.08646	-5.02675E-4
53.10419	-5.01834E-4
53.12156	-5.01051E-4
53.13649	-5.0081E-4
53.15521	-5.01391E-4
53.17073	-5.0028E-4
53.18685	-5.001E-4
53.20118	-5.00726E-4
53.21747	-5.00306E-4
53.23475	-5.00033E-4
53.25114	-5.01533E-4
53.26766	-5.01844E-4
53.28379	-5.02185E-4
53.30076	-5.02573E-4
53.31696	-5.02539E-4
53.3357	-5.02348E-4
53.35101	-5.02376E-4
53.36815	-5.04307E-4
53.3852	-5.04924E-4
53.40207	-5.05496E-4
53.41981	-5.05694E-4
53.43433	-5.06303E-4
53.45224	-5.05235E-4
53.46856	-5.05514E-4
53.48475	-5.05223E-4
53.50167	-5.04635E-4
53.51794	-5.04002E-4
53.53308	-5.04133E-4
53.55184	-5.03928E-4
53.56838	-5.01902E-4
53.58249	-5.03157E-4
53.60121	-5.02854E-4
53.6189	-5.01065E-4
53.63576	-5.01985E-4
53.65317	-4.99279E-4
53.66778	-5.01089E-4
53.6868	-5.03842E-4
53.70402	-5.02583E-4
53.71911	-5.01206E-4
53.73588	-5.00104E-4
53.7522	-5.01489E-4
53.77143	-5.02675E-4
53.78529	-5.01571E-4
53.80175	-5.00214E-4
53.81941	-5.00951E-4
53.83534	-5.01676E-4
53.85244	-5.01605E-4
53.86961	-5.013E-4
53.88726	-5.007E-4
53.90096	-4.99022E-4
53.91866	-4.99024E-4
53.93531	-4.99704E-4
53.95288	-5.00891E-4
53.96704	-5.01935E-4
53.98317	-5.01067E-4
54.00246	-5.00254E-4
54.01919	-5.00451E-4
54.03625	-5.00708E-4
54.05122	-4.98837E-4
54.06914	-4.99572E-4
54.08485	-4.98602E-4
54.10476	-4.99722E-4
54.11807	-4.99411E-4
54.13579	-4.9814E-4
54.15332	-4.99544E-4
54.16882	-4.99325E-4
54.18247	-4.98949E-4
54.19938	-4.98982E-4
54.21767	-4.99174E-4
54.23352	-4.99885E-4
54.2485	-5.00025E-4
54.26721	-4.99981E-4
54.28461	-4.99387E-4
54.29948	-4.97673E-4
54.31489	-4.97412E-4
54.33354	-4.96438E-4
54.35226	-4.97187E-4
54.36869	-4.97434E-4
54.38404	-4.97337E-4
54.39792	-4.96518E-4
54.41276	-4.95948E-4
54.43084	-4.96657E-4
54.44908	-4.96362E-4
54.46349	-4.97693E-4
54.48125	-4.97685E-4
54.49722	-4.97729E-4
54.51344	-4.97749E-4
54.5296	-4.98839E-4
54.54769	-4.99469E-4
54.56586	-4.98538E-4
54.58079	-4.96259E-4
54.59877	-4.9595E-4
54.61426	-4.96145E-4
54.63303	-4.975E-4
54.65119	-4.96526E-4
54.66453	-4.96601E-4
54.68254	-4.97552E-4
54.7003	-4.88862E-4
54.71487	-4.70536E-4
54.73394	-4.64441E-4
54.74948	-4.64941E-4
54.76501	-4.66822E-4
54.78065	-4.69476E-4
54.79559	-4.72702E-4
54.81378	-4.75314E-4
54.82892	-4.78666E-4
54.84593	-4.80061E-4
54.86172	-4.819E-4
54.87878	-4.82573E-4
54.89656	-4.82685E-4
54.91087	-4.83988E-4
54.92655	-4.84795E-4
54.9474	-4.90442E-4
54.96226	-4.95284E-4
54.97759	-4.95025E-4
54.99485	-4.94621E-4
55.01187	-4.9486E-4
55.02788	-4.93985E-4
55.04499	-4.93674E-4
55.06382	-4.95438E-4
55.08152	-4.96539E-4
55.09785	-4.96284E-4
55.11328	-4.96199E-4
55.13056	-4.95972E-4
55.14769	-4.96795E-4
55.16379	-4.96623E-4
55.17922	-4.97562E-4
55.19668	-4.96444E-4
55.21347	-4.96294E-4
55.22889	-4.95645E-4
55.249	-4.95756E-4
55.26262	-4.94017E-4
55.27845	-4.93074E-4
55.29666	-4.93602E-4
55.31223	-4.95705E-4
55.32961	-4.96207E-4
55.34827	-4.94593E-4
55.36201	-4.94637E-4
55.37996	-4.94214E-4
55.39744	-4.94991E-4
55.41193	-4.95567E-4
55.42864	-4.94356E-4
55.44411	-4.94124E-4
55.46154	-4.95394E-4
55.47717	-4.94744E-4
55.49454	-4.94475E-4
55.50972	-4.93646E-4
55.52708	-4.93547E-4
55.54475	-4.94537E-4
55.56248	-4.94352E-4
55.57987	-4.93417E-4
55.59538	-4.93136E-4
55.61053	-4.92562E-4
55.62695	-4.92435E-4
55.64371	-4.9358E-4
55.65947	-4.9316E-4
55.67752	-4.93086E-4
55.69488	-4.91693E-4
55.71233	-4.90693E-4
55.72706	-4.91859E-4
55.74322	-4.93965E-4
55.76162	-4.92819E-4
55.779	-4.92198E-4
55.7952	-4.92146E-4
55.81295	-4.91309E-4
55.82698	-4.93194E-4
55.84459	-4.92929E-4
55.86044	-4.92885E-4
55.87771	-4.93467E-4
55.89431	-4.93834E-4
55.91055	-4.94864E-4
55.92646	-4.9325E-4
55.94378	-4.91243E-4
55.96067	-4.92945E-4
55.9761	-4.91803E-4
55.99382	-4.89312E-4
56.01007	-4.90189E-4
56.02715	-4.90374E-4
56.04481	-4.8999E-4
56.05952	-4.8932E-4
56.07494	-4.90894E-4
56.09261	-4.90464E-4
56.10908	-4.9092E-4
56.12453	-4.9146E-4
56.14138	-4.90032E-4
56.15891	-4.88181E-4
56.17621	-4.88808E-4
56.19123	-4.89541E-4
56.20978	-4.90241E-4
56.22525	-4.89974E-4
56.2411	-4.90386E-4
56.25913	-4.89691E-4
56.27747	-4.91664E-4
56.29242	-4.90179E-4
56.3093	-4.9049E-4
56.32724	-4.90809E-4
56.34299	-4.90125E-4
56.36131	-4.89816E-4
56.37732	-4.90303E-4
56.39186	-4.89093E-4
56.40849	-4.89053E-4
56.42485	-4.89573E-4
56.44133	-4.9256E-4
56.46016	-4.92058E-4
56.47703	-4.92397E-4
56.49417	-4.92783E-4
56.51041	-4.93124E-4
56.52678	-4.92504E-4
56.54245	-4.92321E-4
56.55712	-4.91933E-4
56.57526	-4.91285E-4
56.59007	-4.89775E-4
56.60723	-4.91144E-4
56.62512	-4.90283E-4
56.64223	-4.89972E-4
56.65564	-4.90123E-4
56.67236	-4.90554E-4
56.68984	-4.9114E-4
56.70779	-4.9199E-4
56.72343	-4.91743E-4
56.74124	-4.90432E-4
56.75699	-4.91289E-4
56.77375	-4.90938E-4
56.78858	-4.90882E-4
56.80431	-4.90398E-4
56.82228	-4.8941E-4
56.83922	-4.89912E-4
56.85605	-4.90629E-4
56.87274	-4.90046E-4
56.88941	-4.89549E-4
56.90581	-4.89412E-4
56.92296	-4.88426E-4
56.93853	-4.87933E-4
56.95266	-4.89209E-4
56.96801	-4.88117E-4
56.98784	-4.90056E-4
57.00478	-4.91478E-4
57.01974	-4.92062E-4
57.0349	-4.91614E-4
57.0521	-4.94479E-4
57.06931	-4.93435E-4
57.08646	-4.9328E-4
57.10402	-4.94995E-4
57.11863	-4.91996E-4
57.13631	-4.89799E-4
57.15367	-4.90257E-4
57.17014	-4.89444E-4
57.18645	-4.88884E-4
57.20338	-4.89579E-4
57.21787	-4.89368E-4
57.2336	-4.89197E-4
57.2525	-4.89597E-4
57.27044	-4.90454E-4
57.2853	-4.8953E-4
57.3045	-4.89478E-4
57.32111	-4.90787E-4
57.33744	-4.91205E-4
57.35255	-4.90956E-4
57.37078	-4.89942E-4
57.38629	-4.91395E-4
57.40277	-4.91994E-4
57.41854	-4.92423E-4
57.43592	-4.91444E-4
57.45158	-4.91042E-4
57.46856	-4.90594E-4
57.48532	-4.9159E-4
57.50069	-4.93144E-4
57.51855	-4.91494E-4
57.53522	-4.92293E-4
57.55072	-4.91833E-4
57.56798	-4.91169E-4
57.58636	-4.90731E-4
57.6034	-4.90388E-4
57.61633	-4.90454E-4
57.63378	-4.90631E-4
57.65057	-4.91381E-4
57.66668	-4.89731E-4
57.68473	-4.9005E-4
57.70046	-4.89587E-4
57.71774	-4.90711E-4
57.73517	-4.87991E-4
57.75283	-4.86349E-4
57.76974	-4.87868E-4
57.78858	-4.89358E-4
57.80517	-4.88649E-4
57.81948	-4.87553E-4
57.83597	-4.89695E-4
57.85171	-4.8928E-4
57.86792	-4.88736E-4
57.88535	-4.8035E-4
57.90255	-4.59929E-4
57.91783	-4.55165E-4
57.93587	-4.5534E-4
57.95332	-4.59389E-4
57.97063	-4.63486E-4
57.98736	-4.68051E-4
58.00428	-4.69633E-4
58.01968	-4.70333E-4
58.03553	-4.71148E-4
58.04988	-4.74406E-4
58.06642	-4.75494E-4
58.08378	-4.76665E-4
58.10156	-4.77393E-4
58.11901	-4.78857E-4
58.13209	-4.84128E-4
58.14883	-4.88254E-4
58.16809	-4.89468E-4
58.18438	-4.91626E-4
58.19995	-4.91161E-4
58.21649	-4.92775E-4
58.23428	-4.92463E-4
58.25141	-4.91207E-4
58.26597	-4.89641E-4
58.28384	-4.89464E-4
58.29992	-4.87999E-4
58.31524	-4.88543E-4
58.33418	-4.87967E-4
58.34891	-4.87688E-4
58.3654	-4.86513E-4
58.38172	-4.87902E-4
58.40132	-4.88043E-4
58.41544	-4.88661E-4
58.43067	-4.88641E-4
58.44575	-4.87451E-4
58.4658	-4.8769E-4
58.48234	-4.8621E-4
58.50036	-4.8558E-4
58.51854	-4.85728E-4
58.53394	-4.85979E-4
58.54901	-4.86044E-4
58.56578	-4.86568E-4
58.58399	-4.86784E-4
58.59832	-4.89233E-4
58.61463	-4.89988E-4
58.63531	-4.89123E-4
58.65089	-4.87232E-4
58.66816	-4.87904E-4
58.68499	-4.87354E-4
58.70109	-4.86216E-4
58.71676	-4.85672E-4
58.73286	-4.87009E-4
58.74935	-4.86975E-4
58.76446	-4.87001E-4
58.78215	-4.86822E-4
58.79881	-4.8518E-4
58.81518	-4.85453E-4
58.83263	-4.84516E-4
58.84794	-4.86138E-4
58.86386	-4.87196E-4
58.8815	-4.8661E-4
58.89486	-4.87097E-4
58.9144	-4.86058E-4
58.93115	-4.85993E-4
58.94757	-4.85949E-4
58.96615	-4.872E-4
58.98052	-4.88615E-4
58.9984	-4.88469E-4
59.01644	-4.89177E-4
59.03078	-4.88924E-4
59.04696	-4.8933E-4
59.06249	-4.90994E-4
59.08069	-4.89043E-4
59.09856	-4.89414E-4
59.11508	-4.90641E-4
59.13327	-4.8995E-4
59.14859	-4.8671E-4
59.1672	-4.85622E-4
59.18349	-4.87346E-4
59.19888	-4.89125E-4
59.21298	-4.89791E-4
59.23353	-4.89364E-4
59.24845	-4.90233E-4
59.265	-4.88958E-4
59.28154	-4.88186E-4
59.29806	-4.86955E-4
59.31397	-4.86367E-4
59.33144	-4.86046E-4
59.34508	-4.84094E-4
59.36285	-4.85524E-4
59.38009	-4.85773E-4
59.39585	-4.851E-4
59.41423	-4.85347E-4
59.42891	-4.85606E-4
59.44844	-4.85221E-4
59.46464	-4.85506E-4
59.48082	-4.84393E-4
59.49929	-4.8352E-4
59.51523	-4.84956E-4
59.53081	-4.83986E-4
59.54735	-4.84058E-4
59.56705	-4.84385E-4
59.58127	-4.83857E-4
59.59516	-4.82035E-4
59.61559	-4.81449E-4
59.6314	-4.82767E-4
59.64863	-4.82974E-4
59.66528	-4.84723E-4
59.68096	-4.86521E-4
59.69793	-4.86726E-4
59.71411	-4.87704E-4
59.73049	-4.88115E-4
59.74919	-4.8623E-4
59.76573	-4.85969E-4
59.78142	-4.85084E-4
59.79645	-4.82777E-4
59.81339	-4.84269E-4
59.83026	-4.85172E-4
59.84687	-4.86158E-4
59.86332	-4.8629E-4
59.87902	-4.86417E-4
59.89547	-4.84909E-4
59.9143	-4.84691E-4
59.9289	-4.83596E-4
59.94771	-4.83117E-4
59.96368	-4.84524E-4
59.97859	-4.84466E-4
59.99423	-4.84574E-4
