temp	cp
5.679	-5.8243E-4
5.69546	-5.82595E-4
5.71279	-5.81113E-4
5.72996	-5.80248E-4
5.74436	-5.80603E-4
5.76243	-5.80294E-4
5.77776	-5.80356E-4
5.79351	-5.80075E-4
5.81065	-5.79174E-4
5.82667	-5.78875E-4
5.84118	-5.80192E-4
5.85935	-5.80126E-4
5.87757	-5.80015E-4
5.89437	-5.8013E-4
5.91285	-5.79467E-4
5.93051	-5.78399E-4
5.94601	-5.78839E-4
5.9622	-5.78313E-4
5.97979	-5.79172E-4
5.99519	-5.81005E-4
6.01383	-5.80708E-4
6.02977	-5.79399E-4
6.04632	-5.80509E-4
6.06351	-5.81065E-4
6.08078	-5.79317E-4
6.09653	-5.79409E-4
6.11179	-5.79939E-4
6.13013	-5.80814E-4
6.1456	-5.81278E-4
6.16035	-5.79294E-4
6.17874	-5.7918E-4
6.19361	-5.79405E-4
6.21021	-5.79377E-4
6.22586	-5.79162E-4
6.24476	-5.80182E-4
6.26277	-5.81292E-4
6.27621	-5.80354E-4
6.29136	-5.80676E-4
6.30981	-5.80838E-4
6.32805	-5.79527E-4
6.34358	-5.79345E-4
6.36053	-5.79782E-4
6.37562	-5.81984E-4
6.39344	-5.80744E-4
6.4091	-5.79019E-4
6.42759	-5.80318E-4
6.44395	-5.81298E-4
6.46116	-5.81404E-4
6.47555	-5.81613E-4
6.49262	-5.81408E-4
6.50707	-5.8085E-4
6.524	-5.81942E-4
6.5415	-5.8199E-4
6.55831	-5.79985E-4
6.57439	-5.8029E-4
6.59296	-5.79722E-4
6.60899	-5.80117E-4
6.62603	-5.79848E-4
6.64302	-5.80122E-4
6.66004	-5.80378E-4
6.67577	-5.80457E-4
6.6914	-5.79565E-4
6.70818	-5.78939E-4
6.72423	-5.7984E-4
6.74169	-5.78365E-4
6.75874	-5.79445E-4
6.77489	-5.78957E-4
6.79016	-5.79072E-4
6.80583	-5.78512E-4
6.82319	-5.79463E-4
6.8423	-5.80126E-4
6.85659	-5.78791E-4
6.87329	-5.79634E-4
6.88987	-5.80238E-4
6.90593	-5.80113E-4
6.92248	-5.79545E-4
6.94074	-5.79541E-4
6.95915	-5.79471E-4
6.97457	-5.80601E-4
6.99134	-5.79893E-4
7.00578	-5.80059E-4
7.02126	-5.7911E-4
7.03778	-5.78277E-4
7.05552	-5.78825E-4
7.07348	-5.78692E-4
7.09173	-5.78694E-4
7.10694	-5.78389E-4
7.12323	-5.79104E-4
7.13976	-5.79915E-4
7.15629	-5.79228E-4
7.17351	-5.79493E-4
7.18792	-5.79214E-4
7.20609	-5.79838E-4
7.22553	-5.79481E-4
7.2388	-5.79848E-4
7.25689	-5.79893E-4
7.27417	-5.79062E-4
7.28883	-5.78046E-4
7.30594	-5.79419E-4
7.32355	-5.80039E-4
7.33972	-5.80005E-4
7.35515	-5.81071E-4
7.37259	-5.81483E-4
7.38985	-5.81641E-4
7.40668	-5.8092E-4
7.42071	-5.80421E-4
7.43774	-5.80156E-4
7.45586	-5.80397E-4
7.47192	-5.8188E-4
7.48875	-5.81212E-4
7.50817	-5.80943E-4
7.52458	-5.80637E-4
7.54041	-5.80981E-4
7.55687	-5.80547E-4
7.57478	-5.79256E-4
7.58903	-5.78646E-4
7.60684	-5.79369E-4
7.62439	-5.7911E-4
7.64169	-5.7905E-4
7.65693	-5.7854E-4
7.6749	-5.79865E-4
7.6913	-5.79698E-4
7.70996	-5.78883E-4
7.7266	-5.79983E-4
7.74215	-5.79824E-4
7.75867	-5.79555E-4
7.77577	-5.79228E-4
7.79143	-5.80425E-4
7.80798	-5.81436E-4
7.82353	-5.79222E-4
7.83938	-5.78803E-4
7.85592	-5.79891E-4
7.87441	-5.78853E-4
7.89092	-5.79317E-4
7.90717	-5.79463E-4
7.9215	-5.80529E-4
7.93841	-5.81398E-4
7.95525	-5.81627E-4
7.97176	-5.80146E-4
7.98882	-5.79929E-4
8.00292	-5.80194E-4
8.02077	-5.8015E-4
8.03742	-5.80318E-4
8.05526	-5.80625E-4
8.07269	-5.80272E-4
8.08765	-5.81157E-4
8.10221	-5.80798E-4
8.11963	-5.81491E-4
8.1371	-5.80332E-4
8.15186	-5.80489E-4
8.1696	-5.79877E-4
8.18848	-5.82087E-4
8.20313	-5.80967E-4
8.21863	-5.78817E-4
8.23763	-5.78913E-4
8.25519	-5.802E-4
8.27001	-5.80256E-4
8.28896	-5.81133E-4
8.30608	-5.79746E-4
8.32364	-5.7915E-4
8.33708	-5.79995E-4
8.35697	-5.8035E-4
8.37385	-5.79744E-4
8.38935	-5.80015E-4
8.40652	-5.7961E-4
8.42525	-5.79569E-4
8.44045	-5.79652E-4
8.45727	-5.79863E-4
8.47471	-5.80085E-4
8.49001	-5.8131E-4
8.50672	-5.80023E-4
8.52291	-5.79939E-4
8.5406	-5.78281E-4
8.55702	-5.77532E-4
8.57339	-5.77971E-4
8.58887	-5.77833E-4
8.60478	-5.77927E-4
8.62229	-5.77747E-4
8.64006	-5.78522E-4
8.65521	-5.77325E-4
8.67299	-5.78586E-4
8.68919	-5.78351E-4
8.70481	-5.78497E-4
8.72021	-5.77801E-4
8.73779	-5.78706E-4
8.75448	-5.79917E-4
8.77068	-5.79734E-4
8.78706	-5.79194E-4
8.80446	-5.79381E-4
8.82094	-5.80407E-4
8.83667	-5.79501E-4
8.85495	-5.78965E-4
8.87088	-5.79495E-4
8.88918	-5.79389E-4
8.90554	-5.79409E-4
8.92225	-5.80324E-4
8.93746	-5.79608E-4
8.95417	-5.78955E-4
8.97209	-5.80186E-4
8.98705	-5.77598E-4
9.00557	-5.77283E-4
9.02283	-5.77717E-4
9.03725	-5.78937E-4
9.05513	-5.78861E-4
9.07363	-5.7917E-4
9.08788	-5.80969E-4
9.10426	-5.80457E-4
9.12076	-5.80662E-4
9.13769	-5.80904E-4
9.15391	-5.81113E-4
9.17149	-5.80591E-4
9.18693	-5.80674E-4
9.20332	-5.80483E-4
9.22099	-5.79553E-4
9.24013	-5.80766E-4
9.25332	-5.79431E-4
9.26945	-5.8018E-4
9.28586	-5.80483E-4
9.30351	-5.79626E-4
9.31923	-5.80696E-4
9.33716	-5.7982E-4
9.35584	-5.80828E-4
9.36868	-5.80547E-4
9.38798	-5.80997E-4
9.40401	-5.79531E-4
9.42159	-5.78028E-4
9.43539	-5.79537E-4
9.4533	-5.79569E-4
9.47238	-5.78965E-4
9.48978	-5.79202E-4
9.50567	-5.79025E-4
9.51966	-5.78503E-4
9.53646	-5.77998E-4
9.55504	-5.78714E-4
9.57023	-5.79569E-4
9.58705	-5.79405E-4
9.60341	-5.78891E-4
9.62095	-5.79859E-4
9.63681	-5.78395E-4
9.65385	-5.78459E-4
9.67152	-5.79487E-4
9.68719	-5.7858E-4
9.7064	-5.77006E-4
9.71953	-5.7639E-4
9.73557	-5.77855E-4
9.75406	-5.79234E-4
9.76932	-5.78395E-4
9.78586	-5.78945E-4
9.8052	-5.79698E-4
9.82264	-5.79555E-4
9.8391	-5.79218E-4
9.85629	-5.80154E-4
9.87191	-5.79911E-4
9.88876	-5.79379E-4
9.90521	-5.78975E-4
9.92086	-5.78224E-4
9.93731	-5.78989E-4
9.95459	-5.78004E-4
9.97243	-5.79082E-4
9.98715	-5.79351E-4
10.00277	-5.78489E-4
10.01838	-5.77542E-4
10.03416	-5.78253E-4
10.0518	-5.79232E-4
10.06703	-5.78271E-4
10.08522	-5.7855E-4
10.10153	-5.79798E-4
10.1178	-5.82276E-4
10.13416	-5.80565E-4
10.15127	-5.80611E-4
10.16645	-5.79319E-4
10.18336	-5.7925E-4
10.19928	-5.79523E-4
10.21293	-5.78795E-4
10.23299	-5.79389E-4
10.25108	-5.79427E-4
10.26705	-5.77895E-4
10.28277	-5.78662E-4
10.29959	-5.79076E-4
10.31691	-5.7856E-4
10.33612	-5.80722E-4
10.35217	-5.79182E-4
10.3685	-5.78349E-4
10.38201	-5.78172E-4
10.39885	-5.78732E-4
10.41403	-5.78592E-4
10.4326	-5.7799E-4
10.45012	-5.77221E-4
10.46807	-5.78662E-4
10.48596	-5.76291E-4
10.50167	-5.76681E-4
10.51659	-5.77468E-4
10.53533	-5.77945E-4
10.54877	-5.78475E-4
10.5675	-5.77889E-4
10.58254	-5.77235E-4
10.59892	-5.76841E-4
10.61457	-5.76665E-4
10.63274	-5.77572E-4
10.64826	-5.76904E-4
10.6658	-5.78516E-4
10.68304	-5.79738E-4
10.70179	-5.78556E-4
10.71891	-5.77094E-4
10.73724	-5.78889E-4
10.75451	-5.79118E-4
10.7691	-5.78939E-4
10.78382	-5.79393E-4
10.80064	-5.79447E-4
10.81782	-5.7925E-4
10.83226	-5.78166E-4
10.84908	-5.78556E-4
10.86452	-5.7852E-4
10.88352	-5.78277E-4
10.89999	-5.78979E-4
10.91324	-5.79003E-4
10.93067	-5.78281E-4
10.94686	-5.77534E-4
10.96435	-5.78303E-4
10.98054	-5.79023E-4
10.99876	-5.78285E-4
11.01213	-5.78393E-4
11.02894	-5.7804E-4
11.048	-5.77357E-4
11.06389	-5.76564E-4
11.07886	-5.76703E-4
11.09643	-5.77303E-4
11.11444	-5.78652E-4
11.12971	-5.78756E-4
11.14646	-5.79228E-4
11.16426	-5.7861E-4
11.1812	-5.77785E-4
11.1978	-5.79168E-4
11.21481	-5.78829E-4
11.23205	-5.80158E-4
11.24875	-5.79859E-4
11.26372	-5.80796E-4
11.28005	-5.78989E-4
11.29601	-5.80316E-4
11.31322	-5.796E-4
11.33218	-5.78226E-4
11.34792	-5.78915E-4
11.36418	-5.78156E-4
11.38058	-5.79001E-4
11.39855	-5.79098E-4
11.41347	-5.78481E-4
11.43047	-5.79242E-4
11.44787	-5.79258E-4
11.46329	-5.78016E-4
11.47936	-5.79503E-4
11.49434	-5.76414E-4
11.51261	-5.77102E-4
11.52925	-5.78632E-4
11.54642	-5.79033E-4
11.56427	-5.79636E-4
11.58081	-5.78632E-4
11.59712	-5.76683E-4
11.61262	-5.77652E-4
11.62955	-5.78303E-4
11.64591	-5.78261E-4
11.66319	-5.76203E-4
11.68009	-5.77409E-4
11.69483	-5.77526E-4
11.71162	-5.78483E-4
11.72871	-5.77429E-4
11.74643	-5.77046E-4
11.76331	-5.76962E-4
11.77882	-5.7659E-4
11.79596	-5.76976E-4
11.8156	-5.77393E-4
11.82911	-5.7805E-4
11.84657	-5.7805E-4
11.86288	-5.77417E-4
11.87911	-5.7697E-4
11.89755	-5.76566E-4
11.91524	-5.77032E-4
11.93241	-5.77847E-4
11.9483	-5.78056E-4
11.9647	-5.78028E-4
11.9806	-5.77662E-4
11.99826	-5.78654E-4
12.01406	-5.77895E-4
12.02964	-5.76717E-4
12.04611	-5.77506E-4
12.06137	-5.78218E-4
12.07877	-5.77771E-4
12.09864	-5.76536E-4
12.11375	-5.75948E-4
12.13052	-5.75587E-4
12.14602	-5.76109E-4
12.16558	-5.77243E-4
12.18085	-5.77359E-4
12.1957	-5.78409E-4
12.21328	-5.76645E-4
12.23226	-5.77929E-4
12.24728	-5.77012E-4
12.26428	-5.77879E-4
12.27978	-5.78823E-4
12.29854	-5.77947E-4
12.3148	-5.76986E-4
12.33085	-5.76072E-4
12.34961	-5.76235E-4
12.36583	-5.75645E-4
12.38099	-5.76113E-4
12.3975	-5.77343E-4
12.41566	-5.76669E-4
12.43124	-5.76034E-4
12.44645	-5.7807E-4
12.46188	-5.77305E-4
12.48084	-5.7715E-4
12.49612	-5.77867E-4
12.51231	-5.76327E-4
12.52799	-5.7641E-4
12.54453	-5.78054E-4
12.56078	-5.77777E-4
12.57661	-5.75974E-4
12.59526	-5.76235E-4
12.61269	-5.75765E-4
12.63079	-5.75896E-4
12.6469	-5.76498E-4
12.6637	-5.76261E-4
12.68033	-5.77168E-4
12.69709	-5.76899E-4
12.71203	-5.75302E-4
12.72919	-5.7486E-4
12.74514	-5.75982E-4
12.76041	-5.76799E-4
12.77746	-5.7701E-4
12.79452	-5.74657E-4
12.80964	-5.76044E-4
12.8276	-5.76064E-4
12.84434	-5.75454E-4
12.86049	-5.74862E-4
12.87665	-5.74392E-4
12.89261	-5.74111E-4
12.9102	-5.74236E-4
12.92701	-5.74762E-4
12.94224	-5.74729E-4
12.9585	-5.75053E-4
12.97864	-5.75904E-4
12.99397	-5.75699E-4
13.0121	-5.76101E-4
13.02731	-5.74956E-4
13.04206	-5.74741E-4
13.06125	-5.72688E-4
13.07637	-5.73182E-4
13.09219	-5.75269E-4
13.111	-5.75591E-4
13.1272	-5.76327E-4
13.14266	-5.74888E-4
13.15678	-5.73437E-4
13.17409	-5.73683E-4
13.19162	-5.74679E-4
13.20954	-5.75259E-4
13.22576	-5.74651E-4
13.24441	-5.73914E-4
13.26126	-5.73316E-4
13.27604	-5.73294E-4
13.29161	-5.73629E-4
13.31042	-5.72794E-4
13.3265	-5.73109E-4
13.34147	-5.737E-4
13.35996	-5.73734E-4
13.3758	-5.7541E-4
13.39178	-5.75002E-4
13.40814	-5.74641E-4
13.42518	-5.75474E-4
13.44211	-5.7543E-4
13.45767	-5.73714E-4
13.47364	-5.71397E-4
13.49133	-5.72202E-4
13.50828	-5.73459E-4
13.5255	-5.75532E-4
13.54192	-5.74593E-4
13.55839	-5.74595E-4
13.57404	-5.74615E-4
13.5925	-5.74472E-4
13.6061	-5.74531E-4
13.62158	-5.74077E-4
13.63947	-5.7499E-4
13.65648	-5.74039E-4
13.67324	-5.74436E-4
13.69168	-5.7429E-4
13.70912	-5.73784E-4
13.72482	-5.72334E-4
13.74039	-5.7378E-4
13.76123	-5.74474E-4
13.77667	-5.74234E-4
13.79313	-5.75201E-4
13.80695	-5.73754E-4
13.82284	-5.74539E-4
13.84059	-5.73694E-4
13.86026	-5.73848E-4
13.87486	-5.74153E-4
13.8915	-5.72816E-4
13.90903	-5.7213E-4
13.92444	-5.72497E-4
13.94141	-5.72656E-4
13.95593	-5.72666E-4
13.97576	-5.73178E-4
13.99077	-5.73884E-4
14.0062	-5.73043E-4
14.02427	-5.72086E-4
14.03803	-5.73023E-4
14.05422	-5.72589E-4
14.07075	-5.72971E-4
14.0858	-5.72495E-4
14.10423	-5.73348E-4
14.11992	-5.73427E-4
14.13648	-5.72977E-4
14.15377	-5.72077E-4
14.17062	-5.72981E-4
14.18546	-5.7329E-4
14.20235	-5.73501E-4
14.21957	-5.74003E-4
14.2368	-5.74563E-4
14.25204	-5.73551E-4
14.26838	-5.73692E-4
14.28457	-5.72638E-4
14.30042	-5.72328E-4
14.31814	-5.73437E-4
14.33516	-5.73069E-4
14.35511	-5.7232E-4
14.36924	-5.72176E-4
14.38646	-5.71162E-4
14.40202	-5.71409E-4
14.41987	-5.71429E-4
14.43409	-5.71957E-4
14.45048	-5.71808E-4
14.4685	-5.71186E-4
14.48586	-5.70514E-4
14.50381	-5.69592E-4
14.51961	-5.70217E-4
14.53545	-5.70006E-4
14.55232	-5.70004E-4
14.56941	-5.68976E-4
14.58523	-5.70066E-4
14.60167	-5.71513E-4
14.61905	-5.72465E-4
14.63506	-5.71873E-4
14.6519	-5.71624E-4
14.66908	-5.72334E-4
14.68468	-5.72884E-4
14.70192	-5.71776E-4
14.72016	-5.70369E-4
14.73597	-5.70237E-4
14.75199	-5.69723E-4
14.76973	-5.69652E-4
14.78381	-5.71359E-4
14.80131	-5.70722E-4
14.81748	-5.71198E-4
14.83466	-5.70333E-4
14.84952	-5.70564E-4
14.8686	-5.70945E-4
14.88368	-5.72348E-4
14.90133	-5.71274E-4
14.91781	-5.6952E-4
14.93548	-5.70118E-4
14.95014	-5.69907E-4
14.96655	-5.70154E-4
14.98387	-5.70829E-4
15.00219	-5.70437E-4
15.01745	-5.7161E-4
15.03265	-5.71847E-4
15.05119	-5.70122E-4
15.06932	-5.70307E-4
15.08265	-5.69466E-4
15.09804	-5.69486E-4
15.11749	-5.702E-4
15.13439	-5.69508E-4
15.14977	-5.70664E-4
15.16582	-5.70166E-4
15.18289	-5.71911E-4
15.20011	-5.71106E-4
15.21685	-5.706E-4
15.23283	-5.7066E-4
15.25133	-5.71776E-4
15.2649	-5.71861E-4
15.2817	-5.70204E-4
15.30001	-5.70664E-4
15.31635	-5.69952E-4
15.33163	-5.71574E-4
15.34703	-5.72431E-4
15.3634	-5.72001E-4
15.38434	-5.72102E-4
15.39964	-5.71662E-4
15.41699	-5.70825E-4
15.43463	-5.71947E-4
15.45022	-5.71367E-4
15.46745	-5.7108E-4
15.48364	-5.71208E-4
15.49782	-5.6962E-4
15.51663	-5.69331E-4
15.53323	-5.68512E-4
15.54777	-5.69319E-4
15.56555	-5.68442E-4
15.58292	-5.68578E-4
15.59995	-5.71084E-4
15.61421	-5.71347E-4
15.63043	-5.71461E-4
15.64779	-5.7281E-4
15.66669	-5.71806E-4
15.68254	-5.7175E-4
15.69984	-5.69907E-4
15.71514	-5.69811E-4
15.73234	-5.67189E-4
15.74632	-5.66404E-4
15.76236	-5.67119E-4
15.78231	-5.68277E-4
15.80031	-5.67677E-4
15.81511	-5.67641E-4
15.83101	-5.6834E-4
15.84902	-5.69935E-4
15.86674	-5.68733E-4
15.88217	-5.67769E-4
15.89839	-5.66493E-4
15.91573	-5.68763E-4
15.9325	-5.69002E-4
15.94877	-5.69126E-4
15.96469	-5.70048E-4
15.98316	-5.69267E-4
15.99951	-5.67545E-4
16.01611	-5.67414E-4
16.03422	-5.66081E-4
16.05188	-5.67223E-4
16.06825	-5.67767E-4
16.085	-5.66577E-4
16.0996	-5.66436E-4
16.11709	-5.67187E-4
16.13391	-5.67749E-4
16.14858	-5.69058E-4
16.16733	-5.69092E-4
16.18543	-5.69014E-4
16.20324	-5.67791E-4
16.21962	-5.668E-4
16.23423	-5.67765E-4
16.24927	-5.68251E-4
16.26665	-5.68452E-4
16.28346	-5.6739E-4
16.29795	-5.67739E-4
16.31464	-5.67709E-4
16.32861	-5.6904E-4
16.34714	-5.69171E-4
16.36402	-5.69217E-4
16.37982	-5.69295E-4
16.39721	-5.67302E-4
16.41443	-5.67908E-4
16.43206	-5.67942E-4
16.44844	-5.66812E-4
16.46493	-5.66884E-4
16.47965	-5.65872E-4
16.49838	-5.65778E-4
16.51511	-5.6685E-4
16.5307	-5.66946E-4
16.54872	-5.66463E-4
16.56377	-5.68159E-4
16.58154	-5.68821E-4
16.59841	-5.69763E-4
16.61574	-5.69305E-4
16.63081	-5.67167E-4
16.64797	-5.66748E-4
16.66213	-5.68611E-4
16.68088	-5.67721E-4
16.69828	-5.65894E-4
16.71368	-5.64435E-4
16.72916	-5.64473E-4
16.74591	-5.63518E-4
16.76227	-5.64411E-4
16.78126	-5.66531E-4
16.79663	-5.668E-4
16.81228	-5.66625E-4
16.82977	-5.66362E-4
16.84655	-5.65961E-4
16.86104	-5.65475E-4
16.87857	-5.65162E-4
16.89618	-5.64246E-4
16.91294	-5.62331E-4
16.92883	-5.62219E-4
16.94474	-5.63979E-4
16.96316	-5.6527E-4
16.9798	-5.64728E-4
16.99674	-5.64955E-4
17.01416	-5.64116E-4
17.03083	-5.64188E-4
17.0484	-5.64893E-4
17.06495	-5.65397E-4
17.0806	-5.66031E-4
17.09793	-5.65413E-4
17.11379	-5.6633E-4
17.12963	-5.66469E-4
17.14714	-5.65489E-4
17.16327	-5.67737E-4
17.18242	-5.69749E-4
17.19854	-5.68946E-4
17.21493	-5.6639E-4
17.23153	-5.65176E-4
17.24583	-5.65156E-4
17.2619	-5.65013E-4
17.27957	-5.66625E-4
17.29547	-5.67247E-4
17.31306	-5.65957E-4
17.32964	-5.6466E-4
17.34484	-5.65433E-4
17.36126	-5.65591E-4
17.37976	-5.66165E-4
17.39704	-5.64294E-4
17.41092	-5.64212E-4
17.42626	-5.66824E-4
17.44329	-5.67169E-4
17.46091	-5.6519E-4
17.48094	-5.6418E-4
17.49796	-5.66222E-4
17.51185	-5.65533E-4
17.52889	-5.64961E-4
17.54544	-5.6637E-4
17.56176	-5.63243E-4
17.57866	-5.65376E-4
17.59662	-5.64387E-4
17.61364	-5.62953E-4
17.62926	-5.62128E-4
17.64465	-5.59354E-4
17.66301	-5.59627E-4
17.67842	-5.61536E-4
17.69438	-5.62369E-4
17.71208	-5.59994E-4
17.7306	-5.59615E-4
17.74611	-5.60071E-4
17.76093	-5.58928E-4
17.77786	-5.58376E-4
17.79405	-5.59254E-4
17.81072	-5.58517E-4
17.82727	-5.57897E-4
17.8434	-5.57764E-4
17.86083	-5.58479E-4
17.87689	-5.58147E-4
17.8933	-5.57425E-4
17.90799	-5.58017E-4
17.92588	-5.5731E-4
17.94093	-5.57363E-4
17.95985	-5.5824E-4
17.97346	-5.57361E-4
17.99097	-5.57756E-4
18.00848	-5.55682E-4
18.02601	-5.55963E-4
18.04073	-5.54235E-4
18.0603	-5.5572E-4
18.07594	-5.55745E-4
18.09037	-5.56134E-4
18.10654	-5.57102E-4
18.1245	-5.54982E-4
18.14179	-5.54484E-4
18.15822	-5.53888E-4
18.17481	-5.5452E-4
18.19307	-5.54418E-4
18.20952	-5.55401E-4
18.22471	-5.55281E-4
18.24195	-5.556E-4
18.25731	-5.55259E-4
18.27406	-5.54512E-4
18.29099	-5.5451E-4
18.30843	-5.55722E-4
18.32581	-5.55861E-4
18.34111	-5.55174E-4
18.35709	-5.55455E-4
18.37455	-5.55295E-4
18.3911	-5.54857E-4
18.40697	-5.54116E-4
18.42308	-5.5346E-4
18.4414	-5.54871E-4
18.45798	-5.54383E-4
18.47445	-5.52703E-4
18.49085	-5.54171E-4
18.50927	-5.53922E-4
18.52489	-5.53671E-4
18.53822	-5.53976E-4
18.55724	-5.53821E-4
18.57452	-5.54363E-4
18.59148	-5.5339E-4
18.60482	-5.52677E-4
18.62492	-5.51982E-4
18.64121	-5.52173E-4
18.65625	-5.53651E-4
18.67324	-5.55518E-4
18.68927	-5.5442E-4
18.7083	-5.53639E-4
18.72441	-5.53243E-4
18.73814	-5.54106E-4
18.75434	-5.52089E-4
18.77476	-5.51948E-4
18.78897	-5.53657E-4
18.80619	-5.53336E-4
18.82146	-5.53974E-4
18.83967	-5.53665E-4
18.85734	-5.53167E-4
18.87408	-5.51862E-4
18.89001	-5.50433E-4
18.906	-5.49545E-4
18.92432	-5.49327E-4
18.94086	-5.49497E-4
18.9586	-5.48853E-4
18.97546	-5.47345E-4
18.9923	-5.48277E-4
19.0068	-5.48092E-4
19.02463	-5.48871E-4
19.04087	-5.47961E-4
19.05741	-5.47104E-4
19.07279	-5.47572E-4
19.08775	-5.48287E-4
19.10736	-5.47939E-4
19.1248	-5.46339E-4
19.13888	-5.46215E-4
19.15536	-5.45759E-4
19.17141	-5.44207E-4
19.1873	-5.43808E-4
19.20728	-5.4426E-4
19.22258	-5.45308E-4
19.23742	-5.46851E-4
19.25575	-5.46556E-4
19.2733	-5.45593E-4
19.28734	-5.44693E-4
19.30274	-5.45795E-4
19.31933	-5.46273E-4
19.33679	-5.45119E-4
19.35406	-5.45651E-4
19.37074	-5.45599E-4
19.38851	-5.46454E-4
19.40621	-5.46633E-4
19.4233	-5.47181E-4
19.43752	-5.47839E-4
19.45467	-5.47164E-4
19.47035	-5.47674E-4
19.4858	-5.48064E-4
19.50281	-5.48226E-4
19.51912	-5.49044E-4
19.53593	-5.51021E-4
19.55164	-5.5028E-4
19.56838	-5.51701E-4
19.5853	-5.52759E-4
19.60319	-5.50738E-4
19.61997	-5.49963E-4
19.63526	-5.5127E-4
19.6532	-5.50772E-4
19.66997	-5.5128E-4
19.68765	-5.50993E-4
19.7029	-5.50039E-4
19.71844	-5.48315E-4
19.73722	-5.49758E-4
19.75315	-5.48843E-4
19.76835	-5.47373E-4
19.78693	-5.48092E-4
19.8021	-5.47229E-4
19.81989	-5.46317E-4
19.83665	-5.44537E-4
19.85225	-5.4275E-4
19.87033	-5.428E-4
19.8882	-5.43033E-4
19.90277	-5.4166E-4
19.92185	-5.41242E-4
19.93918	-5.42792E-4
19.95471	-5.42262E-4
19.96987	-5.42274E-4
19.98953	-5.40317E-4
20.00537	-5.39444E-4
20.02152	-5.37649E-4
20.03771	-5.37264E-4
20.055	-5.3801E-4
20.0715	-5.37693E-4
20.08756	-5.37733E-4
20.10504	-5.36525E-4
20.12176	-5.35019E-4
20.13769	-5.33156E-4
20.15374	-5.33118E-4
20.17212	-5.35324E-4
20.18945	-5.34614E-4
20.20466	-5.33829E-4
20.21936	-5.3412E-4
20.2374	-5.33261E-4
20.25648	-5.32963E-4
20.2729	-5.33257E-4
20.28751	-5.31755E-4
20.30535	-5.32271E-4
20.31824	-5.33355E-4
20.33517	-5.32203E-4
20.35322	-5.31321E-4
20.36957	-5.31002E-4
20.3863	-5.32008E-4
20.40363	-5.31616E-4
20.42096	-5.31012E-4
20.43628	-5.29691E-4
20.45479	-5.29822E-4
20.47152	-5.29631E-4
20.48731	-5.31109E-4
20.50418	-5.30936E-4
20.5216	-5.29464E-4
20.53643	-5.28192E-4
20.55326	-5.30308E-4
20.57018	-5.29256E-4
20.58649	-5.28692E-4
20.60388	-5.27961E-4
20.62115	-5.28154E-4
20.63646	-5.26778E-4
20.65204	-5.25853E-4
20.67127	-5.26277E-4
20.68819	-5.25753E-4
20.70261	-5.2563E-4
20.72084	-5.25203E-4
20.73669	-5.25797E-4
20.75335	-5.26507E-4
20.77016	-5.26291E-4
20.78675	-5.2613E-4
20.80474	-5.25044E-4
20.81895	-5.24195E-4
20.83429	-5.24249E-4
20.85244	-5.25052E-4
20.87008	-5.256E-4
20.88846	-5.26461E-4
20.90471	-5.26628E-4
20.92099	-5.26104E-4
20.93885	-5.24743E-4
20.95367	-5.25229E-4
20.968	-5.24903E-4
20.98592	-5.25207E-4
21.00212	-5.2495E-4
21.02033	-5.25445E-4
21.03825	-5.24118E-4
21.05487	-5.24741E-4
21.06873	-5.2453E-4
21.08563	-5.22806E-4
21.10364	-5.23024E-4
21.1189	-5.22256E-4
21.1359	-5.2023E-4
21.15178	-5.19337E-4
21.16798	-5.18333E-4
21.18507	-5.16227E-4
21.20094	-5.16239E-4
21.2161	-5.14055E-4
21.23515	-5.14159E-4
21.25181	-5.1216E-4
21.26848	-5.1114E-4
21.28401	-5.10034E-4
21.30139	-5.09305E-4
21.31807	-5.07175E-4
21.33303	-5.07111E-4
21.35133	-5.06246E-4
21.36736	-5.05587E-4
21.38522	-5.06232E-4
21.39972	-5.04774E-4
21.4163	-5.04845E-4
21.43173	-5.03799E-4
21.44956	-5.03058E-4
21.46809	-5.0373E-4
21.48431	-5.04557E-4
21.49988	-5.01582E-4
21.5158	-5.01635E-4
21.53371	-5.00328E-4
21.5492	-5.00544E-4
21.5642	-5.00006E-4
21.58181	-4.99529E-4
21.59736	-5.00988E-4
21.61525	-5.0149E-4
21.63385	-5.00253E-4
21.64914	-5.00432E-4
21.66697	-4.9991E-4
21.68518	-4.98346E-4
21.7039	-4.96696E-4
21.71815	-4.95889E-4
21.73443	-4.95961E-4
21.74996	-4.96122E-4
21.76681	-4.97144E-4
21.78185	-4.9837E-4
21.79692	-4.95586E-4
21.81393	-4.94518E-4
21.8296	-4.94127E-4
21.84569	-4.94273E-4
21.86423	-4.93645E-4
21.8821	-4.94048E-4
21.89743	-4.95739E-4
21.91424	-4.94408E-4
21.93233	-4.92225E-4
21.94821	-4.92227E-4
21.96579	-4.91531E-4
21.98142	-4.90917E-4
21.99596	-4.90736E-4
22.01353	-4.8965E-4
22.03228	-4.8769E-4
22.04637	-4.8533E-4
22.06455	-4.83975E-4
22.08012	-4.83469E-4
22.09655	-4.83091E-4
22.11503	-4.81895E-4
22.13003	-4.81666E-4
22.14615	-4.81202E-4
22.16405	-4.80249E-4
22.17836	-4.78815E-4
22.1957	-4.78898E-4
22.21266	-4.79699E-4
22.23093	-4.78568E-4
22.24587	-4.77292E-4
22.26259	-4.7512E-4
22.27973	-4.7429E-4
22.29568	-4.75654E-4
22.31111	-4.76081E-4
22.32958	-4.76432E-4
22.34287	-4.75252E-4
22.36106	-4.74038E-4
22.37801	-4.72684E-4
22.39396	-4.72227E-4
22.40984	-4.7251E-4
22.42772	-4.72927E-4
22.44552	-4.71701E-4
22.46131	-4.70508E-4
22.4779	-4.70055E-4
22.4944	-4.71082E-4
22.51128	-4.71034E-4
22.52675	-4.69679E-4
22.5444	-4.69013E-4
22.56143	-4.68133E-4
22.57643	-4.66905E-4
22.59274	-4.66004E-4
22.60943	-4.66228E-4
22.62711	-4.64919E-4
22.64408	-4.63544E-4
22.66077	-4.62151E-4
22.67482	-4.59929E-4
22.69415	-4.58267E-4
22.70697	-4.56709E-4
22.7256	-4.55609E-4
22.74328	-4.53938E-4
22.76138	-4.53121E-4
22.77847	-4.51082E-4
22.79372	-4.4908E-4
22.81236	-4.4793E-4
22.82783	-4.46934E-4
22.84748	-4.4567E-4
22.86131	-4.44644E-4
22.8772	-4.43877E-4
22.8947	-4.44019E-4
22.90934	-4.43441E-4
22.92756	-4.41823E-4
22.94653	-4.39838E-4
22.95904	-4.38374E-4
22.97615	-4.38567E-4
22.99349	-4.37489E-4
23.00948	-4.3719E-4
23.02633	-4.37531E-4
23.04506	-4.37172E-4
23.06063	-4.35775E-4
23.07749	-4.35309E-4
23.09357	-4.34137E-4
23.11035	-4.33534E-4
23.12805	-4.35403E-4
23.14407	-4.33518E-4
23.16045	-4.33135E-4
23.1763	-4.319E-4
23.19408	-4.32298E-4
23.20847	-4.31826E-4
23.2236	-4.30724E-4
23.24239	-4.30063E-4
23.25997	-4.28502E-4
23.27706	-4.28225E-4
23.29518	-4.27913E-4
23.31124	-4.26149E-4
23.328	-4.24442E-4
23.34453	-4.23892E-4
23.3615	-4.20994E-4
23.37448	-4.19088E-4
23.39094	-4.19157E-4
23.40792	-4.18976E-4
23.42448	-4.15497E-4
23.44294	-4.13716E-4
23.45833	-4.12851E-4
23.47348	-4.1303E-4
23.49158	-4.12255E-4
23.50779	-4.09914E-4
23.52398	-4.08894E-4
23.53977	-4.07369E-4
23.55525	-4.05269E-4
23.57182	-4.04558E-4
23.59065	-4.03968E-4
23.60776	-4.02091E-4
23.62446	-4.0135E-4
23.63978	-3.99345E-4
23.65707	-3.98379E-4
23.67382	-3.96594E-4
23.69125	-3.95013E-4
23.70624	-3.93461E-4
23.72314	-3.75443E-4
23.73962	-3.60556E-4
23.75624	-3.57932E-4
23.77587	-3.58749E-4
23.79239	-3.61301E-4
23.8073	-3.62557E-4
23.82503	-3.6321E-4
23.84069	-3.65575E-4
23.85649	-3.65679E-4
23.87329	-3.6691E-4
23.88965	-3.67076E-4
23.90464	-3.67972E-4
23.92277	-3.71649E-4
23.9402	-3.73285E-4
23.95559	-3.73159E-4
23.97181	-3.71045E-4
23.98917	-3.70776E-4
24.00612	-3.70037E-4
24.02354	-3.69042E-4
24.04201	-3.69178E-4
24.0562	-3.67873E-4
24.07157	-3.65808E-4
24.09126	-3.65912E-4
24.10565	-3.66412E-4
24.12263	-3.65498E-4
24.13825	-3.64467E-4
24.15415	-3.63922E-4
24.16965	-3.63111E-4
24.18752	-3.6281E-4
24.20414	-3.64137E-4
24.22244	-3.62345E-4
24.23864	-3.62537E-4
24.25421	-3.62118E-4
24.27224	-3.61895E-4
24.28845	-3.6162E-4
24.30599	-3.62571E-4
24.32089	-3.60917E-4
24.33768	-3.57667E-4
24.35293	-3.57559E-4
24.37145	-3.57149E-4
24.38966	-3.56278E-4
24.4062	-3.5571E-4
24.42193	-3.54772E-4
24.43792	-3.51396E-4
24.45399	-3.5039E-4
24.47229	-3.49183E-4
24.48574	-3.47435E-4
24.50272	-3.46417E-4
24.51992	-3.44462E-4
24.53648	-3.43743E-4
24.55312	-3.4129E-4
24.56938	-3.39895E-4
24.58595	-3.38638E-4
24.60414	-3.3807E-4
24.62166	-3.36342E-4
24.63726	-3.33808E-4
24.65359	-3.33931E-4
24.67125	-3.33555E-4
24.68864	-3.31194E-4
24.70551	-3.28285E-4
24.72135	-3.27896E-4
24.73723	-3.26194E-4
24.75437	-3.24001E-4
24.77194	-3.22753E-4
24.78793	-3.22853E-4
24.80332	-3.23102E-4
24.8218	-3.20908E-4
24.83866	-3.21329E-4
24.8511	-3.21817E-4
24.86826	-3.21753E-4
24.88654	-3.21986E-4
24.90301	-3.23245E-4
24.92057	-3.21245E-4
24.93763	-3.19663E-4
24.95573	-3.19274E-4
24.97135	-3.19784E-4
24.98697	-3.19872E-4
25.00309	-3.194E-4
25.01868	-3.18389E-4
25.03557	-3.1838E-4
25.05367	-3.17168E-4
25.07135	-3.16455E-4
25.08679	-3.15506E-4
25.10366	-3.15138E-4
25.12007	-3.13743E-4
25.13346	-3.13422E-4
25.15179	-3.1228E-4
25.16812	-3.13041E-4
25.18404	-3.1247E-4
25.20246	-3.09341E-4
25.2228	-3.08985E-4
25.2382	-3.09463E-4
25.25283	-3.08688E-4
25.2691	-3.08415E-4
25.28666	-3.07102E-4
25.30332	-3.06454E-4
25.31836	-3.08385E-4
25.33476	-3.08435E-4
25.35293	-3.08648E-4
25.36897	-3.09283E-4
25.38542	-3.1023E-4
25.40294	-3.09945E-4
25.42122	-3.10083E-4
25.4376	-3.09353E-4
25.45377	-3.08154E-4
25.46948	-3.08893E-4
25.48325	-3.09341E-4
25.49965	-3.08991E-4
25.51969	-3.08008E-4
25.53419	-3.08887E-4
25.55084	-3.08694E-4
25.56957	-3.06428E-4
25.58478	-3.06077E-4
25.60142	-3.05296E-4
25.6169	-3.03918E-4
25.63372	-3.02214E-4
25.64821	-3.02431E-4
25.66596	-3.00963E-4
25.68192	-3.02172E-4
25.69777	-3.02453E-4
25.71473	-3.01881E-4
25.73141	-3.02915E-4
25.74674	-3.03409E-4
25.76384	-3.0439E-4
25.78115	-3.0428E-4
25.79778	-3.04589E-4
25.81519	-3.05976E-4
25.83097	-3.0552E-4
25.84848	-3.05394E-4
25.86418	-3.05721E-4
25.88001	-3.07863E-4
25.89859	-3.07159E-4
25.91283	-3.07944E-4
25.9308	-3.08461E-4
25.94779	-3.08273E-4
25.96297	-3.08592E-4
25.98057	-3.09501E-4
25.99855	-3.10178E-4
26.01516	-3.10676E-4
26.03024	-3.12009E-4
26.04982	-3.13815E-4
26.06636	-3.13583E-4
26.08214	-3.13197E-4
26.09877	-3.16092E-4
26.11646	-3.17714E-4
26.13188	-3.1835E-4
26.14895	-3.19067E-4
26.16753	-3.20191E-4
26.18362	-3.22243E-4
26.19901	-3.23192E-4
26.21516	-3.24224E-4
26.23313	-3.24064E-4
26.25045	-3.23929E-4
26.26543	-3.2476E-4
26.28282	-3.24491E-4
26.29723	-3.25232E-4
26.31511	-3.25244E-4
26.33223	-3.2577E-4
26.35003	-3.28103E-4
26.36565	-3.28121E-4
26.38065	-3.27852E-4
26.39888	-3.29677E-4
26.41578	-3.31941E-4
26.43216	-3.32529E-4
26.44741	-3.31602E-4
26.46494	-3.32826E-4
26.48269	-3.33734E-4
26.49916	-3.33684E-4
26.51538	-3.3648E-4
26.5319	-3.38269E-4
26.54699	-3.39768E-4
26.56341	-3.41123E-4
26.58075	-3.42262E-4
26.59804	-3.42667E-4
26.61088	-3.44614E-4
26.63157	-3.4663E-4
26.64849	-3.48015E-4
26.66392	-3.50402E-4
26.67994	-3.51283E-4
26.69556	-3.50669E-4
26.71163	-3.52839E-4
26.7308	-3.54553E-4
26.74745	-3.56599E-4
26.76279	-3.57484E-4
26.77793	-3.58444E-4
26.79602	-3.594E-4
26.81319	-3.60219E-4
26.82986	-3.62148E-4
26.84693	-3.63328E-4
26.86119	-3.65123E-4
26.87897	-3.63772E-4
26.89463	-3.64384E-4
26.91062	-3.65015E-4
26.92722	-3.65434E-4
26.94188	-3.66394E-4
26.95796	-3.66432E-4
26.97559	-3.67809E-4
26.99402	-3.69192E-4
27.01087	-3.7135E-4
27.02708	-3.70158E-4
27.04311	-3.71186E-4
27.05913	-3.71894E-4
27.07543	-3.72629E-4
27.09197	-3.72667E-4
27.10995	-3.73115E-4
27.12767	-3.74695E-4
27.14189	-3.74638E-4
27.15979	-3.73478E-4
27.17531	-3.74741E-4
27.19173	-3.77897E-4
27.2076	-3.81775E-4
27.22501	-3.832E-4
27.24099	-3.84381E-4
27.25657	-3.85768E-4
27.27381	-3.83712E-4
27.29085	-3.6709E-4
27.30837	-3.55756E-4
27.32372	-3.5677E-4
27.34038	-3.60813E-4
27.35984	-3.66299E-4
27.37524	-3.72115E-4
27.39093	-3.75714E-4
27.40673	-3.80617E-4
27.4222	-3.84164E-4
27.43939	-3.8636E-4
27.45798	-3.89476E-4
27.47605	-3.92047E-4
27.49171	-3.95938E-4
27.50769	-4.01368E-4
27.52344	-4.06238E-4
27.54023	-4.08013E-4
27.55691	-4.09715E-4
27.57385	-4.1082E-4
27.59103	-4.11699E-4
27.60792	-4.12377E-4
27.62608	-4.11865E-4
27.64318	-4.11532E-4
27.65744	-4.12711E-4
27.67346	-4.13855E-4
27.69346	-4.14535E-4
27.71182	-4.15316E-4
27.72668	-4.16565E-4
27.7438	-4.18028E-4
27.76089	-4.18392E-4
27.7763	-4.19665E-4
27.79161	-4.21756E-4
27.80991	-4.24322E-4
27.8256	-4.25079E-4
27.84245	-4.25689E-4
27.86049	-4.26524E-4
27.87684	-4.2983E-4
27.89206	-4.33157E-4
27.90899	-4.34167E-4
27.92557	-4.35072E-4
27.94211	-4.36614E-4
27.95834	-4.37595E-4
27.97519	-4.39055E-4
27.99209	-4.39954E-4
28.00943	-4.40466E-4
28.02675	-4.40625E-4
28.04254	-4.41721E-4
28.05738	-4.44025E-4
28.07594	-4.43389E-4
28.09129	-4.44329E-4
28.10828	-4.45694E-4
28.12496	-4.45019E-4
28.14282	-4.44919E-4
28.15779	-4.44553E-4
28.17181	-4.45449E-4
28.18952	-4.46149E-4
28.20733	-4.47414E-4
28.22417	-4.48823E-4
28.24069	-4.49104E-4
28.25474	-4.4958E-4
28.2721	-4.51289E-4
28.29015	-4.52441E-4
28.3037	-4.52397E-4
28.32078	-4.51578E-4
28.33939	-4.52509E-4
28.35768	-4.51973E-4
28.37323	-4.53491E-4
28.39138	-4.55199E-4
28.40619	-4.56052E-4
28.42071	-4.55908E-4
28.43996	-4.56942E-4
28.45593	-4.57982E-4
28.47353	-4.58253E-4
28.49107	-4.59294E-4
28.50686	-4.59521E-4
28.52631	-4.58853E-4
28.53958	-4.60383E-4
28.55459	-4.62129E-4
28.57194	-4.6194E-4
28.58764	-4.60055E-4
28.60418	-4.60001E-4
28.62124	-4.58465E-4
28.6406	-4.58008E-4
28.65799	-4.59429E-4
28.67539	-4.60567E-4
28.69141	-4.61268E-4
28.70736	-4.62685E-4
28.72402	-4.61689E-4
28.74186	-4.62091E-4
28.75824	-4.62777E-4
28.77325	-4.62663E-4
28.79218	-4.62314E-4
28.80789	-4.65158E-4
28.82454	-4.65178E-4
28.84049	-4.65622E-4
28.85725	-4.66782E-4
28.87153	-4.66082E-4
28.88693	-4.67784E-4
28.90336	-4.69117E-4
28.92072	-4.70384E-4
28.93847	-4.70834E-4
28.95508	-4.71145E-4
28.97053	-4.72411E-4
28.98738	-4.72849E-4
29.00272	-4.72191E-4
29.01951	-4.71869E-4
29.036	-4.72209E-4
29.05328	-4.7091E-4
29.07188	-4.72492E-4
29.08676	-4.74106E-4
29.10328	-4.74863E-4
29.11774	-4.75858E-4
29.13815	-4.75511E-4
29.15345	-4.77294E-4
29.17253	-4.76816E-4
29.18933	-4.77059E-4
29.2058	-4.78117E-4
29.21978	-4.79213E-4
29.23708	-4.80241E-4
29.25176	-4.79504E-4
29.27143	-4.78155E-4
29.29064	-4.7906E-4
29.30541	-4.79024E-4
29.32171	-4.7911E-4
29.33757	-4.79048E-4
29.35383	-4.79062E-4
29.37022	-4.78103E-4
29.38684	-4.78494E-4
29.4016	-4.79281E-4
29.41898	-4.7847E-4
29.43682	-4.78906E-4
29.45294	-4.78366E-4
29.46844	-4.78641E-4
29.48504	-4.76732E-4
29.50014	-4.76007E-4
29.51718	-4.76005E-4
29.53426	-4.7584E-4
29.54875	-4.76077E-4
29.56251	-4.76418E-4
29.57618	-4.76119E-4
29.58972	-4.7587E-4
29.60632	-4.7465E-4
29.6253	-4.74935E-4
29.64296	-4.7586E-4
29.65946	-4.75904E-4
29.67689	-4.76531E-4
29.6927	-4.77822E-4
29.70899	-4.76432E-4
29.72695	-4.76974E-4
29.74206	-4.76238E-4
29.76002	-4.77575E-4
29.77512	-4.78245E-4
29.79012	-4.79618E-4
29.80965	-4.78817E-4
29.82671	-4.80207E-4
29.84305	-4.79783E-4
29.8597	-4.79656E-4
29.87685	-4.80767E-4
29.89316	-4.80652E-4
29.91002	-4.80022E-4
29.92833	-4.80692E-4
29.94445	-4.82391E-4
29.9606	-4.81582E-4
29.97635	-4.80488E-4
29.99241	-4.80843E-4
30.00997	-4.79632E-4
30.02932	-4.79086E-4
30.04486	-4.80676E-4
30.05785	-4.79163E-4
30.07396	-4.78097E-4
30.09173	-4.79102E-4
30.10943	-4.78466E-4
30.12735	-4.78404E-4
30.14284	-4.79231E-4
30.15879	-4.78083E-4
30.17537	-4.77125E-4
30.19403	-4.7674E-4
30.20987	-4.74459E-4
30.22541	-4.72903E-4
30.24188	-4.7206E-4
30.25667	-4.71789E-4
30.27538	-4.70697E-4
30.28908	-4.70257E-4
30.30621	-4.69123E-4
30.32626	-4.68437E-4
30.34205	-4.66989E-4
30.35826	-4.65841E-4
30.37418	-4.64476E-4
30.39144	-4.65207E-4
30.40726	-4.64293E-4
30.42531	-4.64446E-4
30.43984	-4.62294E-4
30.45667	-4.62679E-4
30.47449	-4.63378E-4
30.49235	-4.64185E-4
30.51098	-4.64315E-4
30.52557	-4.65911E-4
30.54117	-4.65E-4
30.55867	-4.64303E-4
30.57362	-4.65478E-4
30.59208	-4.66614E-4
30.6104	-4.66094E-4
30.62788	-4.6517E-4
30.64287	-4.65315E-4
30.65974	-4.65775E-4
30.67572	-4.65949E-4
30.69499	-4.66132E-4
30.71138	-4.65718E-4
30.72534	-4.67029E-4
30.74142	-4.65425E-4
30.75792	-4.65409E-4
30.77541	-4.66594E-4
30.79075	-4.646E-4
30.80795	-4.63841E-4
30.82672	-4.64552E-4
30.84254	-4.64588E-4
30.85938	-4.64353E-4
30.87569	-4.62733E-4
30.89265	-4.46139E-4
30.90868	-4.31653E-4
30.92398	-4.29642E-4
30.94206	-4.31653E-4
30.95732	-4.35287E-4
30.97266	-4.37975E-4
30.99014	-4.39824E-4
31.00752	-4.43301E-4
31.0221	-4.44975E-4
31.03995	-4.4476E-4
31.05753	-4.46806E-4
31.0734	-4.48089E-4
31.09166	-4.49402E-4
31.10817	-4.50767E-4
31.12469	-4.55954E-4
31.14154	-4.59078E-4
31.15801	-4.5979E-4
31.1738	-4.60399E-4
31.19113	-4.61477E-4
31.20878	-4.61577E-4
31.22562	-4.62282E-4
31.24213	-4.61312E-4
31.25655	-4.61657E-4
31.27286	-4.62031E-4
31.28925	-4.63065E-4
31.30605	-4.61631E-4
31.3196	-4.61135E-4
31.33902	-4.61762E-4
31.35477	-4.62828E-4
31.37087	-4.63255E-4
31.38807	-4.63006E-4
31.40488	-4.61709E-4
31.4198	-4.62264E-4
31.43683	-4.61848E-4
31.45445	-4.61087E-4
31.47059	-4.61607E-4
31.48776	-4.61527E-4
31.50613	-4.60876E-4
31.52333	-4.58295E-4
31.54024	-4.59206E-4
31.55564	-4.5922E-4
31.57127	-4.60224E-4
31.59008	-4.59716E-4
31.60767	-4.58429E-4
31.62474	-4.60284E-4
31.64027	-4.60306E-4
31.6568	-4.59692E-4
31.674	-4.58104E-4
31.68994	-4.55432E-4
31.70653	-4.55502E-4
31.724	-4.55149E-4
31.73977	-4.54671E-4
31.75798	-4.54185E-4
31.77529	-4.53852E-4
31.7918	-4.52068E-4
31.80464	-4.49948E-4
31.82391	-4.49313E-4
31.84179	-4.50209E-4
31.85615	-4.49295E-4
31.87299	-4.49E-4
31.88916	-4.47679E-4
31.90751	-4.46577E-4
31.92308	-4.48358E-4
31.93886	-4.4743E-4
31.95653	-4.46493E-4
31.97349	-4.44274E-4
31.98754	-4.42618E-4
32.00756	-4.41904E-4
32.02449	-4.41424E-4
32.04097	-4.42347E-4
32.05844	-4.42349E-4
32.07143	-4.41492E-4
32.08861	-4.40019E-4
32.1066	-4.3976E-4
32.12365	-4.4102E-4
32.14023	-4.42114E-4
32.15765	-4.41085E-4
32.17233	-4.40103E-4
32.18981	-4.389E-4
32.20641	-4.40498E-4
32.22379	-4.41161E-4
32.24016	-4.39175E-4
32.25581	-4.38748E-4
32.27109	-4.38445E-4
32.28914	-4.38011E-4
32.30507	-4.39051E-4
32.32324	-4.38788E-4
32.33777	-4.37587E-4
32.35377	-4.38362E-4
32.37338	-4.38324E-4
32.39055	-4.38304E-4
32.40451	-4.3825E-4
32.42217	-4.38342E-4
32.43747	-4.39294E-4
32.45627	-4.37174E-4
32.47164	-4.34512E-4
32.48659	-4.34661E-4
32.50463	-4.34404E-4
32.52283	-4.3129E-4
32.53662	-4.31918E-4
32.55464	-4.32213E-4
32.57266	-4.31651E-4
32.58621	-4.32089E-4
32.60495	-4.30874E-4
32.62092	-4.27707E-4
32.63758	-4.28632E-4
32.6539	-4.3016E-4
32.67223	-4.28582E-4
32.68845	-4.27379E-4
32.70557	-4.28279E-4
32.72019	-4.26498E-4
32.73601	-4.25942E-4
32.75041	-4.25912E-4
32.7696	-4.2485E-4
32.7854	-4.25655E-4
32.80032	-4.25488E-4
32.817	-4.24884E-4
32.83653	-4.23977E-4
32.85457	-4.23097E-4
32.86842	-4.22176E-4
32.88556	-4.23059E-4
32.90407	-4.24529E-4
32.91939	-4.23083E-4
32.93657	-4.22706E-4
32.95292	-4.24226E-4
32.9683	-4.22873E-4
32.98666	-4.22114E-4
33.00297	-4.1962E-4
33.01836	-4.16888E-4
33.03608	-4.16661E-4
33.05304	-4.17067E-4
33.0686	-4.15031E-4
33.08622	-4.13255E-4
33.10297	-4.11661E-4
33.12117	-4.10828E-4
33.13547	-4.09157E-4
33.15242	-4.06993E-4
33.16976	-4.06903E-4
33.18483	-4.06164E-4
33.20114	-4.04066E-4
33.21939	-4.00901E-4
33.23724	-4.01077E-4
33.25201	-4.01147E-4
33.26919	-3.98403E-4
33.28505	-3.97823E-4
33.30312	-3.96612E-4
33.3187	-3.95838E-4
33.33633	-3.93569E-4
33.35375	-3.91652E-4
33.36899	-3.91393E-4
33.38536	-3.91172E-4
33.40004	-3.8944E-4
33.41546	-3.88783E-4
33.43409	-3.87119E-4
33.45016	-3.86095E-4
33.46655	-3.84208E-4
33.4812	-3.8188E-4
33.49921	-3.80089E-4
33.51619	-3.79222E-4
33.53246	-3.78529E-4
33.55146	-3.77146E-4
33.57015	-3.7499E-4
33.58563	-3.73825E-4
33.60135	-3.72948E-4
33.61717	-3.7185E-4
33.63308	-3.68793E-4
33.65053	-3.67596E-4
33.6667	-3.66323E-4
33.68198	-3.64394E-4
33.69975	-3.62927E-4
33.71747	-3.61829E-4
33.73384	-3.59267E-4
33.75032	-3.58018E-4
33.76377	-3.56384E-4
33.78307	-3.55132E-4
33.7994	-3.52598E-4
33.81469	-3.50294E-4
33.833	-3.4839E-4
33.85111	-3.47021E-4
33.86558	-3.44054E-4
33.88258	-3.42023E-4
33.9006	-3.40609E-4
33.91639	-3.37498E-4
33.93261	-3.3421E-4
33.94957	-3.33081E-4
33.96454	-3.30664E-4
33.98079	-3.28737E-4
33.99938	-3.24768E-4
34.01501	-3.21512E-4
34.03198	-3.19396E-4
34.04832	-3.14422E-4
34.06447	-3.11256E-4
34.08197	-3.07935E-4
34.09823	-3.0441E-4
34.11292	-3.00299E-4
34.13303	-2.96716E-4
34.14871	-2.93048E-4
34.1648	-2.89394E-4
34.18132	-2.83986E-4
34.19813	-2.78084E-4
34.21453	-2.75233E-4
34.23288	-2.70411E-4
34.2511	-2.65644E-4
34.26593	-2.60187E-4
34.28302	-2.5492E-4
34.29865	-2.50901E-4
34.3157	-2.47155E-4
34.33234	-2.4204E-4
34.34793	-2.36473E-4
34.36562	-2.30157E-4
34.38261	-2.25835E-4
34.3993	-2.19335E-4
34.41494	-2.13368E-4
34.43018	-2.06722E-4
34.44819	-1.99404E-4
34.46406	-1.92027E-4
34.48246	-1.84625E-4
34.4979	-1.79841E-4
34.51345	-1.71452E-4
34.52926	-1.6221E-4
34.54606	-1.36811E-4
34.56436	-1.18344E-4
34.5797	-1.09573E-4
34.59756	-1.03221E-4
34.61387	-9.79597E-5
34.62994	-9.08511E-5
34.6447	-8.44412E-5
34.66331	-7.73768E-5
34.68181	-6.68335E-5
34.69485	-5.90946E-5
34.71327	-5.00769E-5
34.73086	-3.99471E-5
34.74757	-2.84542E-5
34.76491	-1.69232E-5
34.78128	-7.24906E-6
34.79712	-1.48153E-6
34.81643	7.61041E-6
34.83053	2.22792E-5
34.8463	3.36075E-5
34.86492	4.71078E-5
34.88064	6.2696E-5
34.89522	7.70376E-5
34.9123	9.09776E-5
34.93134	1.07608E-4
34.9465	1.22606E-4
34.96262	1.38154E-4
34.97905	1.52451E-4
34.99517	1.68118E-4
35.01347	1.84167E-4
35.02984	1.99501E-4
35.04852	2.14007E-4
35.0629	2.28953E-4
35.08191	2.45103E-4
35.09586	2.60926E-4
35.11217	2.76464E-4
35.12796	2.93805E-4
35.14535	3.10505E-4
35.16269	3.27063E-4
35.17816	3.43755E-4
35.19366	3.61269E-4
35.2105	3.77425E-4
35.22607	3.93461E-4
35.24338	4.10713E-4
35.26026	4.25362E-4
35.27743	4.4321E-4
35.29492	4.62135E-4
35.31173	4.78984E-4
35.32683	4.9725E-4
35.34278	5.13868E-4
35.3607	5.30169E-4
35.3779	5.48678E-4
35.39749	5.65049E-4
35.41239	5.84721E-4
35.42855	6.03491E-4
35.44803	6.21793E-4
35.46595	6.39084E-4
35.48039	6.58143E-4
35.49601	6.73942E-4
35.51083	6.90295E-4
35.52896	7.08824E-4
35.54499	7.2746E-4
35.56266	7.45417E-4
35.57913	7.63227E-4
35.59588	7.79815E-4
35.60962	7.97409E-4
35.62598	8.15113E-4
35.6439	8.32765E-4
35.6613	8.51037E-4
35.67734	8.71296E-4
35.69321	8.89984E-4
35.71111	9.06941E-4
35.72843	9.25545E-4
35.74247	9.44429E-4
35.76007	9.63713E-4
35.7781	9.81369E-4
35.79449	9.98411E-4
35.81167	0.00102
35.82727	0.00103
35.84409	0.00105
35.85935	0.00107
35.87755	0.00109
35.89266	0.00111
35.90985	0.00113
35.92735	0.00115
35.94181	0.00117
35.96006	0.00119
35.97647	0.0012
35.99439	0.00122
36.01266	0.00124
36.02747	0.00126
36.04296	0.00128
36.06091	0.0013
36.07548	0.00131
36.09239	0.00133
36.11031	0.00135
36.12583	0.00137
36.1418	0.00138
36.15863	0.0014
36.17591	0.00142
36.1912	0.00144
36.20842	0.00146
36.2268	0.00147
36.24345	0.00149
36.25867	0.00151
36.27609	0.00153
36.29392	0.00155
36.30951	0.00157
36.3259	0.00159
36.34341	0.0016
36.35831	0.00162
36.37547	0.00164
36.39371	0.00166
36.40868	0.00168
36.42529	0.0017
36.4431	0.00172
36.4566	0.00174
36.47709	0.00176
36.4935	0.00178
36.50895	0.0018
36.52459	0.00182
36.5425	0.00184
36.55669	0.00186
36.57475	0.00188
36.59195	0.0019
36.60853	0.00192
36.62604	0.00194
36.64132	0.00196
36.65849	0.00198
36.67668	0.002
36.69278	0.00202
36.70852	0.00204
36.72578	0.00206
36.74193	0.00208
36.75662	0.00211
36.77443	0.00213
36.79019	0.00215
36.80779	0.00217
36.82342	0.00219
36.84076	0.00221
36.85672	0.00223
36.87245	0.00225
36.88882	0.00228
36.90518	0.0023
36.92228	0.00232
36.93915	0.00234
36.95381	0.00236
36.97294	0.00238
36.98996	0.0024
37.00511	0.00243
37.02296	0.00245
37.03996	0.00247
37.05525	0.00249
37.07428	0.00252
37.08867	0.00254
37.10612	0.00256
37.12198	0.00258
37.13961	0.0026
37.15567	0.00263
37.17314	0.00265
37.18719	0.00267
37.20494	0.00269
37.22363	0.00271
37.23875	0.00274
37.25444	0.00276
37.2704	0.00278
37.28669	0.0028
37.30289	0.00283
37.31935	0.00285
37.33502	0.00287
37.35314	0.00289
37.36948	0.00292
37.38565	0.00294
37.40207	0.00296
37.42092	0.00298
37.43866	0.003
37.45128	0.00303
37.47017	0.00305
37.48793	0.00307
37.50308	0.00309
37.52076	0.00311
37.53761	0.00313
37.55228	0.00315
37.56724	0.00317
37.58289	0.00319
37.60088	0.00321
37.61679	0.00323
37.63458	0.00325
37.65093	0.00327
37.6683	0.00328
37.68485	0.0033
37.70175	0.00332
37.7178	0.00334
37.73583	0.00335
37.75155	0.00337
37.76973	0.00338
37.78501	0.0034
37.80203	0.00341
37.82082	0.00343
37.83571	0.00344
37.85088	0.00345
37.86904	0.00346
37.88594	0.00347
37.90071	0.00348
37.91762	0.00349
37.93357	0.00349
37.95165	0.0035
37.96878	0.0035
37.98564	0.00351
38.00328	0.00351
38.01981	0.00351
38.0363	0.0035
38.05313	0.0035
38.06954	0.00349
38.08523	0.00348
38.10442	0.00346
38.12004	0.00345
38.13361	0.00343
38.1506	0.0034
38.16628	0.00338
38.18312	0.00334
38.19961	0.00331
38.21691	0.00329
38.23356	0.00325
38.24808	0.00319
38.26521	0.00313
38.2817	0.00306
38.29795	0.00299
38.31394	0.00291
38.33166	0.00283
38.34678	0.00273
38.36474	0.00263
38.38014	0.00253
38.39849	0.00242
38.41653	0.00231
38.4325	0.00219
38.44868	0.00207
38.46438	0.00194
38.4807	0.00182
38.49614	0.00171
38.51458	0.00159
38.53226	0.00149
38.54502	0.00139
38.56114	0.0013
38.57997	0.00121
38.59884	0.00113
38.6161	0.00106
38.63253	9.87424E-4
38.64828	9.21313E-4
38.66525	8.60643E-4
38.68163	8.02913E-4
38.69781	7.47464E-4
38.71465	6.96582E-4
38.73207	6.47868E-4
38.74784	5.99677E-4
38.7629	5.52063E-4
38.78156	5.07171E-4
38.79757	4.63279E-4
38.81521	4.21455E-4
38.83298	3.81823E-4
38.84912	3.4237E-4
38.86398	3.05215E-4
38.88072	2.68027E-4
38.89751	2.37294E-4
38.91251	2.05345E-4
38.93143	1.74584E-4
38.94717	1.45138E-4
38.96406	1.19145E-4
38.98242	9.4302E-5
38.99578	7.08123E-5
39.01278	5.01813E-5
39.02953	3.01044E-5
39.04553	1.17619E-5
39.06243	-5.25361E-6
39.07949	-2.18957E-5
39.09748	-3.77971E-5
39.11139	-5.35619E-5
39.12816	-6.85338E-5
39.14369	-8.1717E-5
39.15939	-9.47818E-5
39.17871	-1.08674E-4
39.19337	-1.21548E-4
39.21137	-1.32565E-4
39.22784	-1.44265E-4
39.24639	-1.5599E-4
39.25968	-1.66383E-4
39.27623	-1.74953E-4
39.29249	-1.85575E-4
39.308	-1.94775E-4
39.32664	-2.04692E-4
39.3448	-2.13001E-4
39.36175	-2.20399E-4
39.37687	-2.28872E-4
39.39454	-2.35214E-4
39.41182	-2.42561E-4
39.42967	-2.49461E-4
39.44683	-2.56084E-4
39.46097	-2.62544E-4
39.47694	-2.6938E-4
39.49483	-2.76863E-4
39.51158	-2.8347E-4
39.52813	-2.88142E-4
39.54445	-2.9311E-4
39.56273	-2.99004E-4
39.5793	-3.04772E-4
39.59359	-3.07968E-4
39.60957	-3.12984E-4
39.62805	-3.18782E-4
39.6437	-3.2313E-4
39.66217	-3.27452E-4
39.67821	-3.31865E-4
39.69421	-3.35041E-4
39.7104	-3.37941E-4
39.72761	-3.42864E-4
39.74302	-3.46343E-4
39.76255	-3.477E-4
39.77925	-3.50141E-4
39.79713	-3.53969E-4
39.81198	-3.56718E-4
39.82758	-3.60536E-4
39.84375	-3.62604E-4
39.85916	-3.66004E-4
39.87607	-3.68562E-4
39.89246	-3.70892E-4
39.90953	-3.73398E-4
39.92618	-3.76907E-4
39.94357	-3.79832E-4
39.95972	-3.82283E-4
39.97877	-3.83909E-4
39.99394	-3.88087E-4
40.0123	-3.8842E-4
40.02675	-3.90741E-4
40.04319	-3.93115E-4
40.06014	-3.9541E-4
40.07498	-3.97418E-4
40.09509	-3.99905E-4
40.11092	-4.01846E-4
40.12824	-4.03719E-4
40.14465	-4.06807E-4
40.16064	-4.06933E-4
40.17511	-4.08742E-4
40.19356	-4.1153E-4
40.21039	-4.14331E-4
40.22609	-4.1587E-4
40.24314	-4.17217E-4
40.25868	-4.19887E-4
40.27727	-4.21261E-4
40.29285	-4.21931E-4
40.31152	-4.22333E-4
40.32418	-4.24017E-4
40.3424	-4.25687E-4
40.35948	-4.26586E-4
40.37689	-4.29515E-4
40.3928	-4.31834E-4
40.40856	-4.34966E-4
40.42793	-4.3711E-4
40.44356	-4.3674E-4
40.45897	-4.37708E-4
40.47686	-4.39661E-4
40.49267	-4.40569E-4
40.50904	-4.40635E-4
40.52417	-4.41972E-4
40.54331	-4.4191E-4
40.55964	-4.42094E-4
40.577	-4.43371E-4
40.59188	-4.42964E-4
40.60862	-4.42978E-4
40.62618	-4.44768E-4
40.64368	-4.45489E-4
40.6584	-4.47902E-4
40.67515	-4.4902E-4
40.69152	-4.49731E-4
40.70993	-4.5064E-4
40.72648	-4.51859E-4
40.74177	-4.53336E-4
40.75595	-4.55308E-4
40.77357	-4.55049E-4
40.79015	-4.55488E-4
40.80908	-4.55767E-4
40.82409	-4.56291E-4
40.84276	-4.56765E-4
40.85885	-4.59264E-4
40.87473	-4.60097E-4
40.8905	-4.61438E-4
40.90728	-4.59987E-4
40.92392	-4.59929E-4
40.94179	-4.61119E-4
40.95667	-4.61625E-4
40.97393	-4.63478E-4
40.99205	-4.6454E-4
41.0065	-4.66656E-4
41.02373	-4.65767E-4
41.0399	-4.65433E-4
41.05861	-4.66295E-4
41.07526	-4.64962E-4
41.0923	-4.66204E-4
41.10949	-4.69129E-4
41.12293	-4.70486E-4
41.13925	-4.71243E-4
41.15888	-4.72546E-4
41.17441	-4.72494E-4
41.18896	-4.72634E-4
41.20707	-4.7407E-4
41.223	-4.73959E-4
41.23925	-4.75397E-4
41.25476	-4.75051E-4
41.27028	-4.75816E-4
41.28698	-4.75826E-4
41.30442	-4.77653E-4
41.32109	-4.78428E-4
41.33794	-4.7856E-4
41.35488	-4.78665E-4
41.37154	-4.78301E-4
41.38826	-4.76786E-4
41.40372	-4.7889E-4
41.42191	-4.78107E-4
41.43746	-4.78607E-4
41.45397	-4.80321E-4
41.47079	-4.78309E-4
41.48679	-4.80106E-4
41.50411	-4.81222E-4
41.52267	-4.80211E-4
41.53726	-4.80574E-4
41.55301	-4.82078E-4
41.57113	-4.84133E-4
41.58572	-4.84133E-4
41.60299	-4.84029E-4
41.6187	-4.83621E-4
41.63354	-4.85811E-4
41.65326	-4.86699E-4
41.66797	-4.8815E-4
41.6855	-4.89907E-4
41.70094	-4.90385E-4
41.71979	-4.91426E-4
41.73692	-4.90742E-4
41.75195	-4.90846E-4
41.77083	-4.89459E-4
41.78606	-4.89875E-4
41.80694	-4.90913E-4
41.82129	-4.90686E-4
41.83579	-4.90728E-4
41.8542	-4.86522E-4
41.87064	-4.67047E-4
41.88599	-4.60403E-4
41.90282	-4.61023E-4
41.91849	-4.63599E-4
41.93705	-4.69968E-4
41.95262	-4.75326E-4
41.97112	-4.77659E-4
41.98941	-4.78305E-4
42.00268	-4.79584E-4
42.01768	-4.82834E-4
42.03461	-4.8597E-4
42.05287	-4.88255E-4
42.07023	-4.90362E-4
42.0863	-4.92235E-4
42.10473	-4.94564E-4
42.11832	-4.97465E-4
42.13358	-5.0048E-4
42.15346	-4.99822E-4
42.16753	-4.99774E-4
42.18559	-5.00799E-4
42.20133	-5.03202E-4
42.21828	-5.03421E-4
42.23454	-5.04796E-4
42.25024	-5.0675E-4
42.26768	-5.06993E-4
42.28552	-5.05077E-4
42.30161	-5.05124E-4
42.31963	-5.03124E-4
42.33491	-5.02915E-4
42.35201	-5.04477E-4
42.36732	-5.04387E-4
42.38326	-5.06364E-4
42.40152	-5.06856E-4
42.41827	-5.07464E-4
42.43538	-5.07033E-4
42.45139	-5.06713E-4
42.46709	-5.05957E-4
42.48452	-5.05445E-4
42.50213	-5.05627E-4
42.51754	-5.06013E-4
42.53431	-5.07223E-4
42.5513	-5.08334E-4
42.56878	-5.07577E-4
42.58392	-5.09E-4
42.60235	-5.09195E-4
42.61893	-5.10102E-4
42.63429	-5.12834E-4
42.64929	-5.13758E-4
42.66522	-5.11525E-4
42.68221	-5.105E-4
42.7	-5.09998E-4
42.71634	-5.09618E-4
42.73181	-5.1064E-4
42.75173	-5.10959E-4
42.76911	-5.09929E-4
42.78227	-5.10512E-4
42.80058	-5.09976E-4
42.81563	-5.11752E-4
42.83204	-5.12828E-4
42.84792	-5.12923E-4
42.86622	-5.12864E-4
42.88223	-5.13627E-4
42.89952	-5.13884E-4
42.91778	-5.13951E-4
42.93493	-5.13417E-4
42.95119	-5.1372E-4
42.96686	-5.14378E-4
42.98347	-5.14187E-4
42.99929	-5.13963E-4
43.01354	-5.14045E-4
43.03125	-5.14109E-4
43.04939	-5.15422E-4
43.06554	-5.13507E-4
43.08167	-5.12758E-4
43.09724	-5.12706E-4
43.11313	-5.12288E-4
43.13097	-5.13322E-4
43.14597	-5.14348E-4
43.16384	-5.1544E-4
43.17957	-5.14617E-4
43.19633	-5.1375E-4
43.21395	-5.14665E-4
43.23072	-5.14342E-4
43.24789	-5.13617E-4
43.26256	-5.14089E-4
43.28134	-5.1434E-4
43.3007	-5.13603E-4
43.31686	-5.1433E-4
43.33354	-5.1549E-4
43.34998	-5.15085E-4
43.36533	-5.13788E-4
43.38116	-5.15296E-4
43.39879	-5.16145E-4
43.4155	-5.16739E-4
43.4324	-5.15956E-4
43.44963	-5.14838E-4
43.46534	-5.14822E-4
43.48216	-5.14525E-4
43.49911	-5.13752E-4
43.51608	-5.15249E-4
43.53269	-5.16661E-4
43.54706	-5.16659E-4
43.56609	-5.17797E-4
43.58369	-5.18756E-4
43.6001	-5.19254E-4
43.61638	-5.19441E-4
43.63127	-5.18823E-4
43.64586	-5.1908E-4
43.66506	-5.19236E-4
43.6816	-5.20268E-4
43.7004	-5.20569E-4
43.71498	-5.20003E-4
43.73135	-5.19539E-4
43.74896	-5.18883E-4
43.76619	-5.20234E-4
43.78029	-5.19853E-4
43.79809	-5.1959E-4
43.81571	-5.18624E-4
43.83187	-5.1763E-4
43.8466	-5.16703E-4
43.86251	-5.17293E-4
43.87914	-5.17237E-4
43.8971	-5.17845E-4
43.91376	-5.18156E-4
43.9316	-5.1609E-4
43.94866	-5.17265E-4
43.96675	-5.16865E-4
43.98077	-5.17674E-4
43.99679	-5.175E-4
44.01106	-5.19325E-4
44.02768	-5.19981E-4
44.04651	-5.19692E-4
44.06412	-5.2067E-4
44.0799	-5.20395E-4
44.09706	-5.20429E-4
44.11427	-5.20985E-4
44.13035	-5.21226E-4
44.14733	-5.21039E-4
44.16132	-5.20842E-4
44.1787	-5.207E-4
44.19368	-5.20884E-4
44.21151	-5.21517E-4
44.22785	-5.21687E-4
44.24476	-5.20645E-4
44.26122	-5.20648E-4
44.27966	-5.2067E-4
44.29707	-5.2024E-4
44.31254	-5.19728E-4
44.32949	-5.20425E-4
44.34424	-5.21023E-4
44.36064	-5.21976E-4
44.37807	-5.21097E-4
44.39502	-5.20316E-4
44.41081	-5.20316E-4
44.42866	-5.19971E-4
44.4459	-5.20061E-4
44.46019	-5.21553E-4
44.4784	-5.21376E-4
44.49544	-5.2238E-4
44.51226	-5.23715E-4
44.53081	-5.22629E-4
44.54869	-5.2338E-4
44.56321	-5.23338E-4
44.57903	-5.23723E-4
44.59393	-5.22633E-4
44.61363	-5.22151E-4
44.63016	-5.22948E-4
44.64499	-5.23954E-4
44.66147	-5.24175E-4
44.67938	-5.24221E-4
44.69585	-5.23512E-4
44.71086	-5.22506E-4
44.72894	-5.22191E-4
44.74588	-5.23071E-4
44.76051	-5.20852E-4
44.77618	-5.2172E-4
44.79561	-5.22777E-4
44.8119	-5.22167E-4
44.8264	-5.22294E-4
44.84417	-5.22539E-4
44.86144	-5.23121E-4
44.87878	-5.23524E-4
44.89541	-5.225E-4
44.9121	-5.22346E-4
44.92648	-5.22296E-4
44.94366	-5.22629E-4
44.9612	-5.22049E-4
44.97776	-5.22386E-4
44.99452	-5.22761E-4
45.0111	-5.24414E-4
45.02836	-5.23741E-4
45.04309	-5.24735E-4
45.05903	-5.24958E-4
45.07595	-5.25423E-4
45.09291	-5.25299E-4
45.10923	-5.26389E-4
45.12422	-5.26566E-4
45.14165	-5.27519E-4
45.15678	-5.27061E-4
45.17242	-5.24911E-4
45.18683	-5.23653E-4
45.20497	-5.23763E-4
45.22085	-5.25006E-4
45.23621	-5.2624E-4
45.25582	-5.26704E-4
45.27343	-5.25907E-4
45.28638	-5.25327E-4
45.30184	-5.25233E-4
45.31924	-5.2339E-4
45.33652	-5.24153E-4
45.35315	-5.23874E-4
45.36987	-5.24014E-4
45.38589	-5.24277E-4
45.40406	-5.24903E-4
45.42114	-5.25341E-4
45.43823	-5.25184E-4
45.4535	-5.19146E-4
45.47062	-4.99362E-4
45.48772	-4.91336E-4
45.50407	-4.9282E-4
45.51867	-4.95138E-4
45.53696	-4.9721E-4
45.55237	-5.00948E-4
45.57079	-5.046E-4
45.58774	-5.08093E-4
45.60682	-5.09393E-4
45.62122	-5.10606E-4
45.63817	-5.1113E-4
45.65527	-5.12963E-4
45.67077	-5.1339E-4
45.68688	-5.14689E-4
45.70474	-5.17506E-4
45.71966	-5.23352E-4
45.73751	-5.24879E-4
45.75318	-5.26176E-4
45.77091	-5.25991E-4
45.78747	-5.25825E-4
45.80471	-5.25409E-4
45.82099	-5.25277E-4
45.83667	-5.24538E-4
45.85345	-5.26174E-4
45.8684	-5.28105E-4
45.88522	-5.26172E-4
45.90076	-5.26576E-4
45.91878	-5.27599E-4
45.93654	-5.27949E-4
45.95308	-5.28575E-4
45.96987	-5.28348E-4
45.98592	-5.2779E-4
46.00339	-5.27387E-4
46.0194	-5.28866E-4
46.03526	-5.28541E-4
46.05222	-5.29258E-4
46.06836	-5.29005E-4
46.08605	-5.27308E-4
46.10365	-5.26457E-4
46.11853	-5.282E-4
46.1353	-5.26672E-4
46.15221	-5.25068E-4
46.16728	-5.24821E-4
46.18304	-5.25122E-4
46.20119	-5.24994E-4
46.21887	-5.27146E-4
46.23564	-5.27375E-4
46.2502	-5.2781E-4
46.267	-5.26911E-4
46.28544	-5.26578E-4
46.3012	-5.25823E-4
46.31751	-5.2504E-4
46.33246	-5.24978E-4
46.3482	-5.24383E-4
46.36587	-5.23416E-4
46.3845	-5.23773E-4
46.4018	-5.24454E-4
46.42065	-5.2405E-4
46.43638	-5.23046E-4
46.45165	-5.24185E-4
46.47053	-5.24699E-4
46.48473	-5.26548E-4
46.5022	-5.27094E-4
46.51641	-5.24673E-4
46.53262	-5.25698E-4
46.55158	-5.2559E-4
46.56965	-5.24685E-4
46.58374	-5.25172E-4
46.60152	-5.24506E-4
46.61915	-5.24911E-4
46.6354	-5.25251E-4
46.65107	-5.23864E-4
46.66999	-5.2396E-4
46.68552	-5.23803E-4
46.70036	-5.23412E-4
46.71766	-5.22547E-4
46.73493	-5.2185E-4
46.75087	-5.21571E-4
46.76877	-5.2195E-4
46.78375	-5.21418E-4
46.79993	-5.20639E-4
46.81566	-5.21463E-4
46.83294	-5.23056E-4
46.84986	-5.23069E-4
46.86714	-5.2295E-4
46.88524	-5.24217E-4
46.9008	-5.23914E-4
46.91533	-5.244E-4
46.93181	-5.25014E-4
46.95001	-5.24327E-4
46.96518	-5.2517E-4
46.98142	-5.25355E-4
46.99838	-5.24927E-4
47.01552	-5.24958E-4
47.03322	-5.24042E-4
47.05068	-5.23143E-4
47.06535	-5.23378E-4
47.08193	-5.23137E-4
47.10042	-5.23275E-4
47.11699	-5.23313E-4
47.13199	-5.23157E-4
47.14792	-5.24311E-4
47.16425	-5.24992E-4
47.18223	-5.23542E-4
47.19925	-5.2184E-4
47.21611	-5.22141E-4
47.23456	-5.23249E-4
47.25027	-5.25096E-4
47.26655	-5.25126E-4
47.28346	-5.25152E-4
47.30021	-5.24054E-4
47.31579	-5.22844E-4
47.33262	-5.22041E-4
47.34997	-5.21916E-4
47.36685	-5.23683E-4
47.38441	-5.22352E-4
47.39974	-5.22502E-4
47.41749	-5.22316E-4
47.43382	-5.21989E-4
47.44885	-5.23157E-4
47.46779	-5.22932E-4
47.48171	-5.2127E-4
47.49954	-5.20244E-4
47.51787	-5.20164E-4
47.53263	-5.21563E-4
47.55139	-5.19786E-4
47.5696	-5.20939E-4
47.58414	-5.2141E-4
47.60102	-5.2192E-4
47.6155	-5.23691E-4
47.63337	-5.22731E-4
47.6491	-5.2198E-4
47.66787	-5.23291E-4
47.68371	-5.23301E-4
47.70254	-5.22781E-4
47.71777	-5.22452E-4
47.73235	-5.23179E-4
47.7498	-5.23649E-4
47.76649	-5.23932E-4
47.78401	-5.23484E-4
47.80155	-5.22278E-4
47.81727	-5.22217E-4
47.83086	-5.2187E-4
47.84787	-5.22117E-4
47.86403	-5.22149E-4
47.88141	-5.209E-4
47.89851	-5.21675E-4
47.91415	-5.22155E-4
47.92944	-5.22751E-4
47.94873	-5.22436E-4
47.96502	-5.23213E-4
47.98265	-5.22587E-4
47.99699	-5.23213E-4
48.0158	-5.24717E-4
48.03232	-5.22914E-4
48.04783	-5.22743E-4
48.06503	-5.24761E-4
48.08301	-5.25295E-4
48.09935	-5.244E-4
48.11629	-5.26084E-4
48.13182	-5.26451E-4
48.14787	-5.26066E-4
48.16445	-5.25981E-4
48.17937	-5.25793E-4
48.19728	-5.25741E-4
48.21523	-5.24763E-4
48.23142	-5.23988E-4
48.24863	-5.23803E-4
48.26463	-5.24432E-4
48.28086	-5.25532E-4
48.29811	-5.25124E-4
48.31439	-5.26752E-4
48.33067	-5.26184E-4
48.34985	-5.26295E-4
48.36509	-5.26325E-4
48.38189	-5.24675E-4
48.39533	-5.2303E-4
48.41462	-5.22129E-4
48.43107	-5.2302E-4
48.44774	-5.24869E-4
48.46413	-5.24769E-4
48.48195	-5.22978E-4
48.49553	-5.24656E-4
48.51313	-5.24225E-4
48.53053	-5.23544E-4
48.54754	-5.2287E-4
48.56596	-5.225E-4
48.58051	-5.22111E-4
48.59778	-5.21499E-4
48.61487	-5.22474E-4
48.63053	-5.2176E-4
48.64693	-5.21047E-4
48.66479	-5.21521E-4
48.68042	-5.21461E-4
48.69923	-5.21966E-4
48.71486	-5.21177E-4
48.73154	-5.20282E-4
48.7465	-5.20421E-4
48.76462	-5.19967E-4
48.78181	-5.20148E-4
48.79833	-5.19901E-4
48.81232	-5.19473E-4
48.83131	-5.19764E-4
48.84735	-5.18779E-4
48.86299	-5.18232E-4
48.88142	-5.20118E-4
48.89803	-5.18738E-4
48.91246	-5.18429E-4
48.92893	-5.19226E-4
48.9456	-5.21348E-4
48.96257	-5.2125E-4
48.97876	-5.21109E-4
48.99365	-5.21501E-4
49.01182	-5.165E-4
49.02741	-4.97939E-4
49.04444	-4.88758E-4
49.06137	-4.8756E-4
49.07615	-4.90013E-4
49.09158	-4.9394E-4
49.10792	-4.97742E-4
49.12509	-5.00486E-4
49.14149	-5.02036E-4
49.1582	-5.03781E-4
49.17527	-5.05864E-4
49.1915	-5.07683E-4
49.20731	-5.11299E-4
49.2226	-5.1325E-4
49.24059	-5.14482E-4
49.2576	-5.1494E-4
49.27381	-5.18534E-4
49.29021	-5.23328E-4
49.30581	-5.2395E-4
49.32466	-5.23855E-4
49.34129	-5.22029E-4
49.3601	-5.22424E-4
49.37396	-5.23478E-4
49.38919	-5.25277E-4
49.40559	-5.24616E-4
49.42433	-5.24464E-4
49.43897	-5.23398E-4
49.4539	-5.22268E-4
49.47153	-5.21838E-4
49.49112	-5.23675E-4
49.5088	-5.22725E-4
49.52563	-5.22484E-4
49.54146	-5.22514E-4
49.55708	-5.22737E-4
49.57226	-5.21218E-4
49.58916	-5.19907E-4
49.60763	-5.196E-4
49.62404	-5.20627E-4
49.64052	-5.2078E-4
49.6582	-5.2138E-4
49.67524	-5.21206E-4
49.69052	-5.20832E-4
49.70831	-5.2037E-4
49.72468	-5.20158E-4
49.7396	-5.20774E-4
49.75619	-5.21071E-4
49.77259	-5.21928E-4
49.7915	-5.21153E-4
49.80598	-5.20192E-4
49.82503	-5.2075E-4
49.84177	-5.20356E-4
49.85656	-5.20509E-4
49.8758	-5.21085E-4
49.89076	-5.2134E-4
49.90651	-5.2131E-4
49.92573	-5.21984E-4
49.94239	-5.21681E-4
49.95601	-5.21161E-4
49.9723	-5.21956E-4
49.98983	-5.22988E-4
50.00854	-5.23209E-4
50.02558	-5.22816E-4
50.04291	-5.21234E-4
50.05835	-5.22539E-4
50.07283	-5.21555E-4
50.08961	-5.22932E-4
50.10575	-5.24755E-4
50.12294	-5.23719E-4
50.1407	-5.23412E-4
50.1592	-5.2237E-4
50.17647	-5.21302E-4
50.1918	-5.20097E-4
50.20854	-5.20868E-4
50.2275	-5.21647E-4
50.24184	-5.23251E-4
50.25801	-5.22862E-4
50.2722	-5.22424E-4
50.29202	-5.21131E-4
50.30856	-5.2083E-4
50.32313	-5.21806E-4
50.34031	-5.21079E-4
50.35658	-5.20953E-4
50.37135	-5.21298E-4
50.38779	-5.20718E-4
50.40468	-5.21186E-4
50.42384	-5.22502E-4
50.43872	-5.21312E-4
50.45735	-5.20156E-4
50.47563	-5.20236E-4
50.48969	-5.20537E-4
50.50691	-5.19792E-4
50.52289	-5.19323E-4
50.53956	-5.19933E-4
50.55413	-5.20379E-4
50.57276	-5.19726E-4
50.58823	-5.20798E-4
50.60515	-5.20109E-4
50.62025	-5.18002E-4
50.63865	-5.19738E-4
50.65495	-5.18477E-4
50.67208	-5.17588E-4
50.68704	-5.17337E-4
50.70199	-5.18799E-4
50.71784	-5.18184E-4
50.73754	-5.16038E-4
50.75281	-5.15707E-4
50.7689	-5.16867E-4
50.78661	-5.17156E-4
50.80208	-5.18008E-4
50.82209	-5.16749E-4
50.84041	-5.17078E-4
50.85657	-5.1655E-4
50.87155	-5.16197E-4
50.88763	-5.17112E-4
50.90475	-5.18933E-4
50.92231	-5.19576E-4
50.93819	-5.1961E-4
50.95532	-5.19447E-4
50.97033	-5.16717E-4
50.98684	-5.18321E-4
51.00399	-5.17375E-4
51.02265	-5.17086E-4
51.03735	-5.18194E-4
51.05427	-5.17839E-4
51.07102	-5.17644E-4
51.08917	-5.17484E-4
51.10524	-5.16588E-4
51.12067	-5.16205E-4
51.13638	-5.16014E-4
51.15595	-5.16275E-4
51.17316	-5.14998E-4
51.18809	-5.15567E-4
51.20295	-5.15416E-4
51.21979	-5.16265E-4
51.23759	-5.16119E-4
51.25282	-5.16584E-4
51.27073	-5.1643E-4
51.28853	-5.16496E-4
51.30502	-5.1759E-4
51.32075	-5.1716E-4
51.33712	-5.1641E-4
51.35474	-5.15755E-4
51.37104	-5.15121E-4
51.38685	-5.14852E-4
51.40554	-5.14238E-4
51.42079	-5.14173E-4
51.43633	-5.14826E-4
51.45463	-5.15645E-4
51.47196	-5.13794E-4
51.48635	-5.1377E-4
51.5033	-5.16542E-4
51.52127	-5.15508E-4
51.53602	-5.13164E-4
51.5537	-5.12955E-4
51.56981	-5.12355E-4
51.5857	-5.11028E-4
51.60231	-5.12497E-4
51.61864	-5.12573E-4
51.63582	-5.13686E-4
51.65367	-5.14244E-4
51.6712	-5.13294E-4
51.68609	-5.13206E-4
51.70233	-5.12292E-4
51.71973	-5.12459E-4
51.73519	-5.1272E-4
51.7524	-5.14209E-4
51.76903	-5.14322E-4
51.78637	-5.14105E-4
51.80164	-5.13553E-4
51.81807	-5.13461E-4
51.834	-5.12581E-4
51.85248	-5.13184E-4
51.87025	-5.11766E-4
51.88652	-5.10887E-4
51.90257	-5.11513E-4
51.91949	-5.1216E-4
51.93581	-5.14041E-4
51.95244	-5.13774E-4
51.96987	-5.12993E-4
51.9859	-5.15474E-4
52.00208	-5.14563E-4
52.01955	-5.13852E-4
52.03555	-5.15271E-4
52.0507	-5.15037E-4
52.06775	-5.13338E-4
52.08647	-5.13557E-4
52.09822	-5.12379E-4
52.1163	-5.11457E-4
52.13384	-5.12222E-4
52.1497	-5.12039E-4
52.16689	-5.13429E-4
52.18321	-5.11544E-4
52.19941	-5.12883E-4
52.21502	-5.12622E-4
52.23353	-5.13025E-4
52.24933	-5.13507E-4
52.26617	-5.13121E-4
52.28241	-5.13613E-4
52.29943	-5.12501E-4
52.3156	-5.13015E-4
52.33237	-5.12184E-4
52.34906	-5.13019E-4
52.3657	-5.13694E-4
52.38302	-5.12128E-4
52.39906	-5.13041E-4
52.41795	-5.12738E-4
52.43357	-5.11399E-4
52.44825	-5.1177E-4
52.46563	-5.11222E-4
52.48109	-5.11554E-4
52.49783	-5.11399E-4
52.51372	-5.10476E-4
52.53138	-5.11684E-4
52.54761	-5.05234E-4
52.56627	-4.86558E-4
52.58249	-4.77364E-4
52.59898	-4.75933E-4
52.61764	-4.79177E-4
52.63378	-4.81985E-4
52.64901	-4.86187E-4
52.66614	-4.90296E-4
52.68152	-4.91541E-4
52.69812	-4.93303E-4
52.7158	-4.95696E-4
52.7323	-4.96403E-4
52.7496	-4.9604E-4
52.76504	-4.96985E-4
52.78055	-4.98027E-4
52.79652	-4.99774E-4
52.81401	-5.03359E-4
52.82969	-5.08002E-4
52.84483	-5.12186E-4
52.86165	-5.13099E-4
52.87935	-5.13182E-4
52.89665	-5.1048E-4
52.91143	-5.10016E-4
52.93043	-5.09968E-4
52.94724	-5.09622E-4
52.9633	-5.09739E-4
52.97881	-5.08593E-4
52.9961	-5.08193E-4
53.01206	-5.08817E-4
53.02802	-5.08462E-4
53.0465	-5.07298E-4
53.06057	-5.07199E-4
53.07861	-5.06908E-4
53.09702	-5.07603E-4
53.11302	-5.09408E-4
53.13206	-5.08059E-4
53.14869	-5.09139E-4
53.16137	-5.09153E-4
53.1777	-5.09096E-4
53.19816	-5.1056E-4
53.21626	-5.09594E-4
53.23232	-5.11146E-4
53.24947	-5.10182E-4
53.26698	-5.09901E-4
53.2837	-5.08787E-4
53.2977	-5.08574E-4
53.31427	-5.09406E-4
53.32964	-5.08771E-4
53.3464	-5.08193E-4
53.36298	-5.07372E-4
53.38134	-5.06627E-4
53.39702	-5.05507E-4
53.4131	-5.07396E-4
53.42756	-5.07103E-4
53.44466	-5.06976E-4
53.46297	-5.0569E-4
53.47846	-5.06123E-4
53.49629	-5.05519E-4
53.51232	-5.05166E-4
53.52716	-5.05011E-4
53.54284	-5.05114E-4
53.56012	-5.06003E-4
53.57789	-5.04497E-4
53.59421	-5.04762E-4
53.61275	-5.04068E-4
53.62985	-5.02648E-4
53.64522	-5.04186E-4
53.66138	-5.04383E-4
53.67796	-5.04307E-4
53.69428	-5.04385E-4
53.71018	-5.03206E-4
53.72507	-5.03636E-4
53.74209	-5.0323E-4
53.75997	-5.03853E-4
53.77782	-5.03662E-4
53.79341	-5.04919E-4
53.81053	-5.05728E-4
53.8272	-5.04927E-4
53.84236	-5.05796E-4
53.85778	-5.06184E-4
53.87629	-5.05975E-4
53.89324	-5.06711E-4
53.91024	-5.05965E-4
53.92638	-5.05543E-4
53.94533	-5.03845E-4
53.96193	-5.0372E-4
53.97835	-5.03855E-4
53.99238	-5.03925E-4
54.00877	-5.02863E-4
54.02764	-5.01902E-4
54.04324	-5.02743E-4
54.05949	-5.0137E-4
54.07398	-5.01807E-4
54.09091	-5.01036E-4
54.10813	-5.02927E-4
54.12504	-5.0368E-4
54.14049	-5.02438E-4
54.15815	-5.02604E-4
54.17557	-5.03313E-4
54.18982	-5.02092E-4
54.20575	-5.01891E-4
54.22182	-5.02285E-4
54.23784	-5.0161E-4
54.25738	-5.00609E-4
54.2728	-5.01653E-4
54.28926	-5.01944E-4
54.30718	-4.99653E-4
54.32305	-5.00097E-4
54.33978	-4.99892E-4
54.35692	-5.00209E-4
54.37169	-5.01452E-4
54.38984	-5.00079E-4
54.40532	-4.99848E-4
54.42236	-4.9948E-4
54.43894	-4.99117E-4
54.4577	-5.00394E-4
54.47167	-5.00542E-4
54.49037	-5.01663E-4
54.50624	-5.00894E-4
54.5234	-5.00866E-4
54.54124	-5.01068E-4
54.55849	-5.02066E-4
54.57552	-5.0048E-4
54.59129	-4.99314E-4
54.60763	-4.99165E-4
54.62438	-5.00055E-4
54.64052	-5.01299E-4
54.65812	-5.00807E-4
54.67361	-5.02271E-4
54.68929	-5.02897E-4
54.70624	-5.025E-4
54.72395	-5.01257E-4
54.74089	-5.03194E-4
54.75683	-5.00599E-4
54.77307	-4.98983E-4
54.79029	-4.98655E-4
54.80714	-4.98097E-4
54.8254	-4.98047E-4
54.84119	-4.97676E-4
54.85715	-4.98224E-4
54.87415	-4.98415E-4
54.89013	-4.99571E-4
54.90828	-4.99778E-4
54.92592	-5.00173E-4
54.93956	-5.0157E-4
54.95528	-4.99904E-4
54.97292	-4.9871E-4
54.99048	-4.99276E-4
55.00575	-4.99754E-4
55.02385	-5.00356E-4
55.03939	-4.99585E-4
55.05493	-4.99179E-4
55.07347	-4.96778E-4
55.08902	-4.98306E-4
55.10511	-4.98262E-4
55.12497	-4.98256E-4
55.14057	-4.97431E-4
55.15699	-4.97475E-4
55.17366	-4.98822E-4
55.19187	-4.99436E-4
55.20739	-4.98942E-4
55.22466	-4.98158E-4
55.24121	-4.97832E-4
55.25739	-4.96172E-4
55.27423	-4.95718E-4
55.2909	-4.94974E-4
55.30642	-4.95219E-4
55.3248	-4.96104E-4
55.3406	-4.98053E-4
55.35818	-4.98402E-4
55.3755	-4.99027E-4
55.3913	-4.9655E-4
55.40939	-4.97828E-4
55.42495	-4.98354E-4
55.4424	-4.96917E-4
55.45882	-4.95046E-4
55.47346	-4.95351E-4
55.49112	-4.94954E-4
55.5056	-4.95098E-4
55.52115	-4.95259E-4
55.53982	-4.9562E-4
55.55749	-4.95985E-4
55.5737	-4.96273E-4
55.58962	-4.96413E-4
55.60634	-4.96052E-4
55.62192	-4.96389E-4
55.63721	-4.96837E-4
55.65522	-4.96012E-4
55.6703	-4.94946E-4
55.68748	-4.93089E-4
55.7023	-4.92639E-4
55.72023	-4.93408E-4
55.73721	-4.93613E-4
55.75342	-4.94895E-4
55.76999	-4.9455E-4
55.78654	-4.95098E-4
55.80379	-4.94094E-4
55.82015	-4.94068E-4
55.83679	-4.94458E-4
55.85243	-4.94863E-4
55.86901	-4.96572E-4
55.88605	-4.96092E-4
55.9027	-4.95847E-4
55.91929	-4.97985E-4
55.93345	-4.96626E-4
55.95141	-4.95275E-4
55.96881	-4.95686E-4
55.98434	-4.95626E-4
56.00358	-4.94219E-4
56.01891	-4.95285E-4
56.0356	-4.96897E-4
56.05202	-4.93757E-4
56.06796	-4.74756E-4
56.08344	-4.63137E-4
56.10042	-4.64016E-4
56.11793	-4.67435E-4
56.13441	-4.68543E-4
56.15315	-4.71685E-4
56.16908	-4.73166E-4
56.18591	-4.74614E-4
56.20179	-4.75678E-4
56.21932	-4.77332E-4
56.23566	-4.81562E-4
56.25135	-4.82718E-4
56.26983	-4.8368E-4
56.28628	-4.85211E-4
56.30249	-4.84627E-4
56.31738	-4.86285E-4
56.33565	-4.90621E-4
56.35317	-4.93659E-4
56.36894	-4.94721E-4
56.38734	-4.94634E-4
56.4042	-4.95763E-4
56.42117	-4.97122E-4
56.43658	-4.97511E-4
56.45532	-4.96977E-4
56.46915	-4.97238E-4
56.48631	-4.9622E-4
56.50119	-4.96016E-4
56.51913	-4.96435E-4
56.53655	-4.95995E-4
56.55334	-4.95008E-4
56.56945	-4.96359E-4
56.58701	-4.94895E-4
56.60169	-4.94859E-4
56.61817	-4.94779E-4
56.63497	-4.93253E-4
56.65244	-4.92958E-4
56.66999	-4.93815E-4
56.68431	-4.94767E-4
56.69972	-4.94753E-4
56.71626	-4.95126E-4
56.73376	-4.95951E-4
56.7492	-4.96289E-4
56.76595	-4.95753E-4
56.78189	-4.95955E-4
56.80126	-4.95285E-4
56.81603	-4.93245E-4
56.83245	-4.93E-4
56.85001	-4.93607E-4
56.86395	-4.94478E-4
56.88268	-4.93904E-4
56.90029	-4.94821E-4
56.91662	-4.95351E-4
56.93048	-4.95664E-4
56.94862	-4.9672E-4
56.96411	-4.9466E-4
56.98046	-4.92693E-4
56.9972	-4.93849E-4
57.01363	-4.94548E-4
57.03138	-4.95506E-4
57.04807	-4.93803E-4
57.06729	-4.92386E-4
57.08243	-4.9188E-4
57.0999	-4.94626E-4
57.11432	-4.94942E-4
57.13125	-4.94347E-4
57.14605	-4.93344E-4
57.16348	-4.91346E-4
57.18036	-4.91493E-4
57.19667	-4.90955E-4
57.21255	-4.90485E-4
57.22795	-4.90878E-4
57.24625	-4.91264E-4
57.26257	-4.90437E-4
57.28017	-4.90804E-4
57.29596	-4.91627E-4
57.31319	-4.89072E-4
57.32993	-4.89433E-4
57.34676	-4.8745E-4
57.36162	-4.88664E-4
57.37692	-4.88481E-4
57.39669	-4.88026E-4
57.41048	-4.88696E-4
57.42798	-4.8865E-4
57.4448	-4.89015E-4
57.46012	-4.8854E-4
57.47993	-4.8758E-4
57.49566	-4.87249E-4
57.51168	-4.86847E-4
57.52674	-4.86432E-4
57.54415	-4.85769E-4
57.55909	-4.86869E-4
57.57572	-4.87283E-4
57.59364	-4.86851E-4
57.60959	-4.88092E-4
57.62704	-4.88674E-4
57.64676	-4.87602E-4
57.66036	-4.8703E-4
57.67532	-4.86251E-4
57.69534	-4.85892E-4
57.71002	-4.87859E-4
57.72635	-4.88375E-4
57.7447	-4.8761E-4
57.75905	-4.88253E-4
57.77768	-4.89445E-4
57.79577	-4.90435E-4
57.81226	-4.90987E-4
57.83063	-4.88973E-4
57.8473	-4.88506E-4
57.86359	-4.89242E-4
57.88064	-4.89885E-4
57.89874	-4.88855E-4
57.91204	-4.89021E-4
57.92833	-4.88465E-4
57.94592	-4.88188E-4
57.96161	-4.87211E-4
57.981	-4.87594E-4
57.99702	-4.86773E-4
58.01167	-4.88383E-4
58.02863	-4.88614E-4
58.04609	-4.88662E-4
58.06209	-4.89903E-4
58.07829	-4.89997E-4
58.0957	-4.88441E-4
58.11183	-4.88128E-4
58.12728	-4.87717E-4
58.14424	-4.87171E-4
58.16047	-4.87488E-4
58.17879	-4.88845E-4
58.19534	-4.90878E-4
58.2109	-4.90108E-4
58.22637	-4.9017E-4
58.24329	-4.88319E-4
58.25861	-4.87514E-4
58.27493	-4.89108E-4
58.29066	-4.88495E-4
58.30954	-4.90168E-4
58.32555	-4.90027E-4
58.3432	-4.89716E-4
58.35749	-4.89686E-4
58.37514	-4.88789E-4
58.39246	-4.89929E-4
58.40913	-4.89563E-4
58.42525	-4.88463E-4
58.44198	-4.88797E-4
58.45742	-4.86896E-4
58.47613	-4.87251E-4
58.4911	-4.87331E-4
58.50896	-4.86853E-4
58.52587	-4.87307E-4
58.53897	-4.87321E-4
58.55861	-4.86514E-4
58.57533	-4.84758E-4
58.59131	-4.84205E-4
58.60746	-4.86058E-4
58.62302	-4.86321E-4
58.6394	-4.86568E-4
58.65896	-4.85633E-4
58.67617	-4.87353E-4
58.69323	-4.87219E-4
58.70823	-4.85314E-4
58.72406	-4.85392E-4
58.73935	-4.8487E-4
58.75595	-4.84705E-4
58.77446	-4.84629E-4
58.79055	-4.84537E-4
58.80731	-4.84444E-4
58.82519	-4.84816E-4
58.84175	-4.83651E-4
58.8559	-4.82445E-4
58.8743	-4.82941E-4
58.89092	-4.83645E-4
58.90785	-4.82919E-4
58.92241	-4.82461E-4
58.94014	-4.83756E-4
58.95741	-4.84079E-4
58.97515	-4.85051E-4
58.99328	-4.83268E-4
59.00904	-4.8283E-4
59.02616	-4.82501E-4
59.04021	-4.8232E-4
59.05821	-4.83509E-4
59.07354	-4.85332E-4
59.08953	-4.84242E-4
59.10871	-4.83748E-4
59.12474	-4.83413E-4
59.141	-4.83224E-4
59.15815	-4.83882E-4
59.17285	-4.84228E-4
59.1899	-4.85151E-4
59.20714	-4.84521E-4
59.22304	-4.83748E-4
59.24213	-4.83567E-4
59.25819	-4.84105E-4
59.27359	-4.83716E-4
59.29005	-4.84057E-4
59.30558	-4.83643E-4
59.32274	-4.8282E-4
59.34002	-4.83356E-4
59.35607	-4.83682E-4
59.37383	-4.83091E-4
59.3903	-4.82226E-4
59.4098	-4.82005E-4
59.4239	-4.82856E-4
59.43982	-4.83362E-4
59.45181	-4.84735E-4
59.47248	-4.85081E-4
59.49105	-4.84316E-4
59.50889	-4.84195E-4
59.52587	-4.8287E-4
59.54263	-4.78143E-4
59.55943	-4.57245E-4
59.57531	-4.48036E-4
59.58996	-4.48504E-4
59.60698	-4.50987E-4
59.62394	-4.54003E-4
59.64122	-4.56364E-4
59.65789	-4.58528E-4
59.67456	-4.5958E-4
59.69095	-4.62474E-4
59.70676	-4.64978E-4
59.72307	-4.66523E-4
59.74228	-4.67913E-4
59.75594	-4.70306E-4
59.7736	-4.71972E-4
59.79006	-4.74379E-4
59.806	-4.76589E-4
59.82374	-4.79416E-4
59.84143	-4.81196E-4
59.85698	-4.82517E-4
59.87479	-4.82716E-4
59.89209	-4.83653E-4
59.9083	-4.82812E-4
59.92459	-4.79572E-4
59.94182	-4.79592E-4
59.95664	-4.78271E-4
59.97231	-4.79058E-4
59.99118	-4.77924E-4
