temp	cp
5.68166	4.47328E-4
5.69785	4.46929E-4
5.71339	4.47194E-4
5.73167	4.46908E-4
5.75002	4.45284E-4
5.7646	4.45973E-4
5.78011	4.45446E-4
5.79873	4.46402E-4
5.81491	4.45487E-4
5.83169	4.46382E-4
5.84786	4.46113E-4
5.86208	4.43416E-4
5.87987	4.44896E-4
5.89773	4.45356E-4
5.91539	4.45272E-4
5.9288	4.44846E-4
5.94591	4.44569E-4
5.9624	4.44721E-4
5.97758	4.44105E-4
5.99303	4.45193E-4
6.01143	4.44659E-4
6.02802	4.43506E-4
6.0443	4.42568E-4
6.06118	4.42486E-4
6.07765	4.43293E-4
6.09316	4.43665E-4
6.10943	4.42197E-4
6.1258	4.42508E-4
6.14449	4.42046E-4
6.16036	4.40134E-4
6.17515	4.39604E-4
6.19208	4.39723E-4
6.21078	4.38933E-4
6.22901	4.3772E-4
6.24386	4.37449E-4
6.2596	4.36869E-4
6.27618	4.37413E-4
6.29191	4.3707E-4
6.30879	4.3675E-4
6.32518	4.36236E-4
6.34151	4.37017E-4
6.35929	4.35583E-4
6.37641	4.35891E-4
6.39454	4.34405E-4
6.4089	4.33344E-4
6.42503	4.32945E-4
6.44374	4.32828E-4
6.4606	4.32501E-4
6.47623	4.31394E-4
6.49374	4.31541E-4
6.5096	4.3147E-4
6.52527	4.30753E-4
6.54306	4.31089E-4
6.55951	4.30392E-4
6.57736	4.30938E-4
6.59432	4.30067E-4
6.61044	4.29765E-4
6.62909	4.29283E-4
6.64519	4.28368E-4
6.66226	4.26058E-4
6.68004	4.2597E-4
6.69447	4.25833E-4
6.7132	4.25747E-4
6.72947	4.26036E-4
6.74489	4.24612E-4
6.76061	4.24323E-4
6.77864	4.24182E-4
6.79593	4.23361E-4
6.81104	4.22624E-4
6.82697	4.23134E-4
6.84397	4.21995E-4
6.86134	4.2129E-4
6.87632	4.21473E-4
6.8921	4.19933E-4
6.90837	4.18629E-4
6.9237	4.19296E-4
6.9428	4.1895E-4
6.9567	4.17747E-4
6.97396	4.17549E-4
6.99008	4.18003E-4
7.00842	4.18639E-4
7.0261	4.17745E-4
7.04164	4.1557E-4
7.05665	4.1494E-4
7.07331	4.15657E-4
7.09092	4.15255E-4
7.10646	4.14458E-4
7.12277	4.1457E-4
7.13926	4.13466E-4
7.15642	4.136E-4
7.17334	4.12709E-4
7.19118	4.10521E-4
7.20553	4.09507E-4
7.22566	4.09415E-4
7.2412	4.09668E-4
7.25668	4.08686E-4
7.27404	4.08198E-4
7.29261	4.0873E-4
7.3094	4.08834E-4
7.32765	4.07945E-4
7.34405	4.07959E-4
7.36018	4.0785E-4
7.37784	4.07718E-4
7.39462	4.0739E-4
7.4099	4.05153E-4
7.42553	4.04597E-4
7.44139	4.03536E-4
7.45861	4.02552E-4
7.47621	4.03213E-4
7.49274	4.02966E-4
7.50788	4.0201E-4
7.52514	4.02813E-4
7.54103	4.02681E-4
7.55802	4.02356E-4
7.5747	4.03456E-4
7.59196	4.01488E-4
7.60919	4.01026E-4
7.62696	4.00851E-4
7.64216	4.00606E-4
7.65846	4.00405E-4
7.67474	3.99425E-4
7.68996	3.97431E-4
7.70784	3.98142E-4
7.72413	3.96228E-4
7.74214	3.95818E-4
7.75946	3.95728E-4
7.77554	3.96965E-4
7.79238	3.95774E-4
7.80786	3.95581E-4
7.827	3.94439E-4
7.84162	3.94505E-4
7.85582	3.93806E-4
7.87247	3.91579E-4
7.89033	3.92428E-4
7.90871	3.9286E-4
7.92505	3.93085E-4
7.94082	3.9229E-4
7.95716	3.91748E-4
7.97446	3.92545E-4
7.99187	3.9187E-4
8.00862	3.91742E-4
8.02416	3.90346E-4
8.04097	3.89992E-4
8.0594	3.90067E-4
8.07576	3.90902E-4
8.09216	3.89115E-4
8.11172	3.88325E-4
8.12695	3.8763E-4
8.14219	3.874E-4
8.15803	3.87313E-4
8.17729	3.86154E-4
8.19138	3.86104E-4
8.20595	3.85871E-4
8.2224	3.85596E-4
8.24027	3.84544E-4
8.25741	3.83923E-4
8.27496	3.84797E-4
8.29112	3.84479E-4
8.30863	3.8272E-4
8.32483	3.80993E-4
8.34273	3.80804E-4
8.35918	3.80292E-4
8.37731	3.79282E-4
8.39307	3.79266E-4
8.40768	3.7836E-4
8.42433	3.78147E-4
8.43976	3.78366E-4
8.45749	3.78312E-4
8.47501	3.75936E-4
8.49195	3.76251E-4
8.50771	3.74837E-4
8.52414	3.75948E-4
8.53795	3.77171E-4
8.55569	3.76217E-4
8.57194	3.77478E-4
8.59103	3.76408E-4
8.60633	3.75376E-4
8.62289	3.75277E-4
8.63703	3.77183E-4
8.65432	3.75462E-4
8.67227	3.75183E-4
8.68912	3.74743E-4
8.70627	3.74482E-4
8.72262	3.73426E-4
8.74041	3.72166E-4
8.7571	3.72526E-4
8.77393	3.71602E-4
8.79291	3.71471E-4
8.80875	3.71937E-4
8.826	3.70658E-4
8.84101	3.70471E-4
8.85677	3.69294E-4
8.87522	3.68031E-4
8.89157	3.67557E-4
8.90817	3.66935E-4
8.92485	3.67374E-4
8.94096	3.66776E-4
8.95685	3.66258E-4
8.97302	3.64836E-4
8.9913	3.64715E-4
9.00637	3.6543E-4
9.02233	3.6576E-4
9.04048	3.64555E-4
9.05565	3.64372E-4
9.07177	3.63223E-4
9.09005	3.62781E-4
9.10702	3.61611E-4
9.12127	3.62838E-4
9.13713	3.62783E-4
9.15716	3.62747E-4
9.1745	3.60976E-4
9.18943	3.61902E-4
9.20633	3.61444E-4
9.22232	3.59044E-4
9.23908	3.59425E-4
9.25766	3.5947E-4
9.27308	3.58915E-4
9.2903	3.59859E-4
9.30828	3.59962E-4
9.32465	3.59269E-4
9.34174	3.58395E-4
9.35713	3.56224E-4
9.37088	3.56264E-4
9.38834	3.56588E-4
9.40536	3.55722E-4
9.4217	3.55288E-4
9.43918	3.55057E-4
9.45578	3.5521E-4
9.47281	3.54732E-4
9.48731	3.5373E-4
9.50448	3.53571E-4
9.52216	3.53447E-4
9.53742	3.53748E-4
9.55233	3.53101E-4
9.57034	3.51727E-4
9.58638	3.51651E-4
9.60362	3.49231E-4
9.62035	3.49083E-4
9.63658	3.4951E-4
9.65332	3.50892E-4
9.66839	3.49904E-4
9.68547	3.4904E-4
9.7018	3.49976E-4
9.71987	3.49665E-4
9.73642	3.49605E-4
9.75312	3.49948E-4
9.76971	3.49309E-4
9.78473	3.4854E-4
9.80128	3.46705E-4
9.81609	3.46948E-4
9.83348	3.46662E-4
9.85083	3.47108E-4
9.86643	3.4502E-4
9.88515	3.43997E-4
9.9001	3.4516E-4
9.91638	3.45154E-4
9.93258	3.43985E-4
9.94979	3.44732E-4
9.96689	3.44393E-4
9.98275	3.44367E-4
10.00017	3.44957E-4
10.01839	3.44283E-4
10.03597	3.43172E-4
10.05326	3.41547E-4
10.0708	3.40557E-4
10.08538	3.41636E-4
10.10295	3.3984E-4
10.12142	3.39125E-4
10.13699	3.39139E-4
10.15146	3.38563E-4
10.16799	3.39786E-4
10.18389	3.39469E-4
10.20205	3.39804E-4
10.21708	3.40409E-4
10.23477	3.38426E-4
10.2504	3.3847E-4
10.26816	3.38798E-4
10.28341	3.39535E-4
10.29997	3.36759E-4
10.31748	3.38073E-4
10.33116	3.37711E-4
10.34797	3.35858E-4
10.36676	3.35271E-4
10.38175	3.33301E-4
10.39824	3.33074E-4
10.41597	3.33253E-4
10.43183	3.32225E-4
10.44821	3.31636E-4
10.46317	3.32355E-4
10.48101	3.32604E-4
10.4955	3.31359E-4
10.51254	3.31552E-4
10.52791	3.30168E-4
10.54667	3.30148E-4
10.56308	3.31247E-4
10.57955	3.32664E-4
10.59506	3.31389E-4
10.61211	3.30401E-4
10.63031	3.30148E-4
10.6461	3.29495E-4
10.66303	3.30325E-4
10.67933	3.28762E-4
10.696	3.27593E-4
10.71354	3.26477E-4
10.73027	3.25716E-4
10.75055	3.25334E-4
10.76604	3.24416E-4
10.78159	3.25673E-4
10.79953	3.25635E-4
10.81435	3.25557E-4
10.83192	3.2393E-4
10.8485	3.22689E-4
10.86317	3.23651E-4
10.88138	3.25101E-4
10.89993	3.23221E-4
10.91495	3.23079E-4
10.93081	3.23528E-4
10.94717	3.24412E-4
10.96628	3.21795E-4
10.98472	3.19952E-4
10.99894	3.20112E-4
11.01358	3.20618E-4
11.03046	3.2256E-4
11.04741	3.22082E-4
11.06441	3.20849E-4
11.08284	3.21787E-4
11.09743	3.20578E-4
11.11416	3.19024E-4
11.13163	3.18674E-4
11.14784	3.18178E-4
11.16483	3.18204E-4
11.18153	3.1865E-4
11.19669	3.16423E-4
11.21293	3.1621E-4
11.22906	3.16427E-4
11.24652	3.16218E-4
11.26412	3.16294E-4
11.27915	3.15732E-4
11.29513	3.15164E-4
11.31078	3.15827E-4
11.32713	3.16082E-4
11.34236	3.14326E-4
11.36137	3.14706E-4
11.37963	3.16017E-4
11.39562	3.15011E-4
11.41067	3.14547E-4
11.43023	3.15579E-4
11.44664	3.15889E-4
11.46299	3.14455E-4
11.47963	3.13455E-4
11.49548	3.1277E-4
11.50864	3.123E-4
11.52741	3.11762E-4
11.54566	3.11191E-4
11.56232	3.11352E-4
11.57767	3.11021E-4
11.59497	3.11993E-4
11.61124	3.1078E-4
11.62805	3.10376E-4
11.64408	3.10157E-4
11.66111	3.10211E-4
11.67951	3.10605E-4
11.69485	3.09653E-4
11.71094	3.10709E-4
11.72475	3.08345E-4
11.74291	3.07361E-4
11.76092	3.08404E-4
11.77652	3.07297E-4
11.79572	3.06227E-4
11.81182	3.04971E-4
11.82744	3.0563E-4
11.84394	3.06476E-4
11.85995	3.06112E-4
11.87637	3.06546E-4
11.8947	3.06361E-4
11.91176	3.04365E-4
11.92592	3.04889E-4
11.94386	3.05351E-4
11.9604	3.04457E-4
11.97673	3.04222E-4
11.99425	3.03915E-4
12.00952	3.0471E-4
12.02556	3.01869E-4
12.04305	3.00776E-4
12.05925	3.01507E-4
12.07635	3.03401E-4
12.0939	3.01517E-4
12.11143	3.00808E-4
12.12649	3.01015E-4
12.14389	3.00834E-4
12.16082	3.01491E-4
12.17836	3.00945E-4
12.19349	2.98886E-4
12.20965	2.99222E-4
12.22637	2.96914E-4
12.24481	2.96173E-4
12.26297	2.97898E-4
12.27623	2.97502E-4
12.29375	2.96119E-4
12.31026	2.96547E-4
12.32438	2.97147E-4
12.34279	2.97828E-4
12.35983	2.97398E-4
12.37621	2.98697E-4
12.39266	2.97806E-4
12.40863	2.97004E-4
12.42558	2.95898E-4
12.44083	2.96466E-4
12.45717	2.94894E-4
12.47623	2.95295E-4
12.49364	2.93359E-4
12.5084	2.93299E-4
12.52557	2.92835E-4
12.5454	2.92086E-4
12.56308	2.91279E-4
12.57708	2.91477E-4
12.5941	2.92506E-4
12.6101	2.91978E-4
12.62512	2.91327E-4
12.64504	2.92895E-4
12.66159	2.92401E-4
12.67814	2.90532E-4
12.69182	2.90154E-4
12.70851	2.89313E-4
12.72443	2.88449E-4
12.74012	2.88236E-4
12.75599	2.86222E-4
12.77343	2.8724E-4
12.7919	2.87802E-4
12.8092	2.88049E-4
12.825	2.90499E-4
12.8416	2.88885E-4
12.85731	2.88081E-4
12.87456	2.85812E-4
12.89135	2.86555E-4
12.90866	2.86545E-4
12.92564	2.87043E-4
12.94079	2.86378E-4
12.95916	2.86075E-4
12.97452	2.86828E-4
12.98973	2.85969E-4
13.0074	2.85784E-4
13.02321	2.85639E-4
13.04082	2.85077E-4
13.05881	2.83213E-4
13.07532	2.82227E-4
13.09161	2.82579E-4
13.10851	2.83529E-4
13.12674	2.82988E-4
13.14297	2.82247E-4
13.15977	2.81733E-4
13.17553	2.7993E-4
13.19138	2.79243E-4
13.20686	2.80532E-4
13.22448	2.81743E-4
13.24093	2.82727E-4
13.25889	2.80795E-4
13.27584	2.80299E-4
13.29228	2.80757E-4
13.30735	2.79745E-4
13.32444	2.79233E-4
13.34286	2.80765E-4
13.35887	2.7952E-4
13.37589	2.79299E-4
13.39257	2.79466E-4
13.4083	2.78421E-4
13.42553	2.7801E-4
13.44179	2.77397E-4
13.4563	2.76933E-4
13.47295	2.77313E-4
13.48906	2.76527E-4
13.50391	2.76319E-4
13.52179	2.75666E-4
13.53718	2.75495E-4
13.55218	2.74453E-4
13.56767	2.74555E-4
13.58416	2.75096E-4
13.603	2.74917E-4
13.61933	2.7514E-4
13.63618	2.75184E-4
13.65294	2.74346E-4
13.66871	2.73718E-4
13.68406	2.73585E-4
13.70277	2.73652E-4
13.71954	2.7386E-4
13.73405	2.75439E-4
13.75291	2.74258E-4
13.76753	2.74264E-4
13.7871	2.73093E-4
13.80314	2.73256E-4
13.81942	2.71818E-4
13.83632	2.71589E-4
13.85162	2.71462E-4
13.86776	2.70764E-4
13.88504	2.6988E-4
13.90205	2.68872E-4
13.91937	2.69434E-4
13.9346	2.68591E-4
13.95276	2.69227E-4
13.97066	2.69508E-4
13.98449	2.67147E-4
14.00069	2.66803E-4
14.01913	2.67753E-4
14.03176	2.68161E-4
14.04829	2.68163E-4
14.06433	2.66261E-4
14.08086	2.66725E-4
14.09717	2.67277E-4
14.11598	2.66663E-4
14.13358	2.65719E-4
14.14985	2.65325E-4
14.16797	2.64602E-4
14.18281	2.6518E-4
14.1994	2.64893E-4
14.2153	2.647E-4
14.23156	2.63773E-4
14.24888	2.64716E-4
14.2674	2.64273E-4
14.2838	2.65096E-4
14.29891	2.62975E-4
14.31569	2.62124E-4
14.33365	2.62782E-4
14.35195	2.61545E-4
14.36757	2.61917E-4
14.38338	2.61332E-4
14.40166	2.62913E-4
14.41865	2.62877E-4
14.4339	2.62399E-4
14.44996	2.62296E-4
14.46566	2.62381E-4
14.48471	2.60376E-4
14.49995	2.60475E-4
14.51479	2.61505E-4
14.53285	2.61053E-4
14.54801	2.59007E-4
14.5653	2.58946E-4
14.58102	2.59649E-4
14.6006	2.57637E-4
14.61692	2.57513E-4
14.63222	2.58667E-4
14.64995	2.6038E-4
14.66598	2.59848E-4
14.6835	2.57173E-4
14.70196	2.57629E-4
14.71774	2.57063E-4
14.73621	2.56524E-4
14.7519	2.54739E-4
14.76412	2.54221E-4
14.78208	2.54032E-4
14.79944	2.54223E-4
14.81514	2.54343E-4
14.83074	2.54625E-4
14.84712	2.53847E-4
14.86404	2.5444E-4
14.88078	2.53922E-4
14.89557	2.54094E-4
14.91322	2.53687E-4
14.9304	2.52891E-4
14.94473	2.5352E-4
14.96182	2.54876E-4
14.97848	2.54611E-4
14.99704	2.52944E-4
15.01101	2.53753E-4
15.02706	2.53715E-4
15.04493	2.53401E-4
15.06286	2.51947E-4
15.08026	2.51433E-4
15.09744	2.5109E-4
15.11556	2.5067E-4
15.12793	2.49977E-4
15.14674	2.48284E-4
15.16325	2.48324E-4
15.17971	2.49339E-4
15.19447	2.4973E-4
15.21251	2.48716E-4
15.22912	2.49417E-4
15.2434	2.5073E-4
15.26193	2.49021E-4
15.27881	2.48288E-4
15.2979	2.4772E-4
15.3137	2.47794E-4
15.32819	2.46788E-4
15.34351	2.47525E-4
15.36089	2.46649E-4
15.37967	2.47316E-4
15.39369	2.47286E-4
15.40934	2.47441E-4
15.42705	2.46983E-4
15.4454	2.46925E-4
15.4612	2.4621E-4
15.47816	2.462E-4
15.49414	2.46228E-4
15.51097	2.46186E-4
15.52487	2.44509E-4
15.54131	2.43982E-4
15.55971	2.43537E-4
15.57862	2.44906E-4
15.59397	2.4486E-4
15.61133	2.43982E-4
15.62795	2.43145E-4
15.64495	2.4337E-4
15.66037	2.44063E-4
15.67711	2.43147E-4
15.69149	2.42832E-4
15.71194	2.41329E-4
15.72794	2.41912E-4
15.74131	2.41436E-4
15.75705	2.41408E-4
15.77583	2.40984E-4
15.79229	2.40042E-4
15.80941	2.39512E-4
15.82716	2.38725E-4
15.84318	2.40072E-4
15.86008	2.40319E-4
15.87812	2.38727E-4
15.89418	2.37393E-4
15.91202	2.37443E-4
15.92814	2.38303E-4
15.94368	2.36327E-4
15.96184	2.36861E-4
15.98117	2.386E-4
15.99649	2.37516E-4
16.01386	2.36933E-4
16.02977	2.35415E-4
16.04524	2.37078E-4
16.06136	2.37413E-4
16.07856	2.3579E-4
16.09409	2.36033E-4
16.11113	2.35503E-4
16.12597	2.35889E-4
16.14271	2.35893E-4
16.1614	2.35598E-4
16.17926	2.36411E-4
16.19434	2.35399E-4
16.21181	2.33893E-4
16.22773	2.34069E-4
16.24385	2.33981E-4
16.25938	2.34881E-4
16.27631	2.3483E-4
16.29389	2.35051E-4
16.30767	2.34298E-4
16.32479	2.33937E-4
16.34358	2.35353E-4
16.35936	2.32533E-4
16.37647	2.31659E-4
16.39351	2.30745E-4
16.41118	2.31458E-4
16.42789	2.32115E-4
16.44353	2.32043E-4
16.45929	2.29589E-4
16.47645	2.30235E-4
16.49385	2.2847E-4
16.50856	2.30191E-4
16.52499	2.29761E-4
16.5423	2.30219E-4
16.55889	2.28938E-4
16.57509	2.29404E-4
16.59007	2.29627E-4
16.60823	2.29093E-4
16.62549	2.2939E-4
16.64086	2.28922E-4
16.65919	2.28496E-4
16.67608	2.27974E-4
16.69367	2.27803E-4
16.7105	2.27538E-4
16.72722	2.26456E-4
16.7445	2.2739E-4
16.76107	2.28235E-4
16.7776	2.28139E-4
16.79475	2.28026E-4
16.81214	2.2547E-4
16.82793	2.25809E-4
16.84455	2.25889E-4
16.8596	2.25419E-4
16.87605	2.25737E-4
16.89321	2.25397E-4
16.90805	2.24757E-4
16.9247	2.25036E-4
16.94353	2.23688E-4
16.95913	2.25562E-4
16.97416	2.26092E-4
16.9914	2.25986E-4
17.00969	2.24102E-4
17.02702	2.24626E-4
17.04299	2.25345E-4
17.0563	2.21616E-4
17.07358	2.21003E-4
17.09191	2.23333E-4
17.10619	2.21899E-4
17.12273	2.21851E-4
17.13971	2.24978E-4
17.1551	2.22306E-4
17.17375	2.24986E-4
17.19093	2.21889E-4
17.20642	2.2015E-4
17.22427	2.21756E-4
17.23941	2.23005E-4
17.25535	2.22455E-4
17.27217	2.21929E-4
17.2868	2.20467E-4
17.30465	2.19663E-4
17.32119	2.16466E-4
17.34109	2.1553E-4
17.35653	2.16703E-4
17.37194	2.19089E-4
17.39106	2.19091E-4
17.40615	2.19933E-4
17.42341	2.22551E-4
17.43923	2.2019E-4
17.45749	2.17474E-4
17.47409	2.20362E-4
17.48978	2.18487E-4
17.50576	2.17834E-4
17.52252	2.15894E-4
17.53714	2.17213E-4
17.55555	2.15741E-4
17.57207	2.15637E-4
17.58852	2.15978E-4
17.60595	2.13578E-4
17.62291	2.15321E-4
17.64198	2.16864E-4
17.656	2.14442E-4
17.67148	2.14135E-4
17.68916	2.14434E-4
17.70609	2.1397E-4
17.72134	2.14392E-4
17.73914	2.14349E-4
17.75531	2.13853E-4
17.77296	2.13638E-4
17.78942	2.12317E-4
17.80565	2.12046E-4
17.82077	2.12086E-4
17.83873	2.12707E-4
17.85356	2.12795E-4
17.87207	2.14098E-4
17.8885	2.13112E-4
17.90686	2.10851E-4
17.92041	2.11869E-4
17.93786	2.11036E-4
17.95204	2.09433E-4
17.96878	2.0923E-4
17.98445	2.11845E-4
18.00112	2.11801E-4
18.02015	2.11542E-4
18.03667	2.11E-4
18.05175	2.10562E-4
18.06849	2.1011E-4
18.083	2.09616E-4
18.09998	2.09716E-4
18.11696	2.11351E-4
18.13695	2.11277E-4
18.1529	2.09724E-4
18.16893	2.11729E-4
18.18427	2.11829E-4
18.20165	2.10062E-4
18.21996	2.10034E-4
18.23606	2.09829E-4
18.2505	2.08668E-4
18.26642	2.07403E-4
18.28355	2.09465E-4
18.30097	2.09001E-4
18.3186	2.0768E-4
18.33405	2.08102E-4
18.35057	2.0731E-4
18.36769	2.06501E-4
18.38539	2.06356E-4
18.40013	2.06662E-4
18.41612	2.06513E-4
18.4325	2.06943E-4
18.44912	2.05406E-4
18.46699	2.06455E-4
18.48179	2.05569E-4
18.49866	2.05673E-4
18.51607	2.04352E-4
18.532	2.04231E-4
18.54873	2.04396E-4
18.56637	2.04679E-4
18.58086	2.05704E-4
18.59913	2.05167E-4
18.61605	2.05294E-4
18.63054	2.04979E-4
18.64845	2.05442E-4
18.66417	2.05189E-4
18.6807	2.04894E-4
18.69867	2.04537E-4
18.71584	2.04033E-4
18.73225	2.04806E-4
18.74782	2.03569E-4
18.76263	2.04169E-4
18.78076	2.0292E-4
18.80148	2.01588E-4
18.81587	2.0107E-4
18.83148	1.99869E-4
18.8487	1.99827E-4
18.86521	2.00518E-4
18.88099	2.00568E-4
18.90037	2.00843E-4
18.91668	2.00448E-4
18.93199	1.99283E-4
18.94847	2.00066E-4
18.96386	2.01827E-4
18.9817	2.02075E-4
18.99856	2.006E-4
19.0165	2.00311E-4
19.0324	1.99349E-4
19.04891	2.00341E-4
19.06578	2.00576E-4
19.08206	1.99197E-4
19.09939	1.99174E-4
19.11427	1.98419E-4
19.12972	1.98871E-4
19.1459	1.98783E-4
19.1661	1.97475E-4
19.18442	1.98106E-4
19.19935	1.97923E-4
19.21475	1.97124E-4
19.23383	1.9516E-4
19.24933	1.95674E-4
19.26824	1.96975E-4
19.28264	1.97156E-4
19.29961	1.97202E-4
19.31586	1.96887E-4
19.33099	1.97415E-4
19.34719	1.95505E-4
19.3657	1.95582E-4
19.38286	1.9627E-4
19.39919	1.95606E-4
19.41414	1.9609E-4
19.431	1.96108E-4
19.4475	1.95746E-4
19.4644	1.95831E-4
19.48296	1.96037E-4
19.49975	1.94646E-4
19.51715	1.93186E-4
19.53205	1.93933E-4
19.55043	1.93943E-4
19.56492	1.93244E-4
19.58235	1.93676E-4
19.59856	1.94093E-4
19.6148	1.94238E-4
19.63234	1.9368E-4
19.64793	1.92191E-4
19.66352	1.91635E-4
19.67964	1.91553E-4
19.70009	1.91318E-4
19.7138	1.91029E-4
19.73015	1.90386E-4
19.74558	1.89701E-4
19.76194	1.90225E-4
19.77973	1.91332E-4
19.7965	1.90235E-4
19.81252	1.90354E-4
19.82821	1.91234E-4
19.84591	1.89938E-4
19.86302	1.8985E-4
19.8812	1.90135E-4
19.89757	1.90191E-4
19.91498	1.90193E-4
19.93254	1.89392E-4
19.94865	1.89163E-4
19.9646	1.87791E-4
19.9807	1.88932E-4
19.99738	1.89326E-4
20.01419	1.89384E-4
20.0312	1.88733E-4
20.04774	1.88918E-4
20.06451	1.9031E-4
20.08076	1.89416E-4
20.09767	1.89442E-4
20.11086	1.89661E-4
20.12902	1.88687E-4
20.14721	1.89358E-4
20.16038	1.8758E-4
20.17898	1.87864E-4
20.19644	1.86829E-4
20.21313	1.88368E-4
20.22696	1.87175E-4
20.24595	1.86835E-4
20.26252	1.86646E-4
20.2774	1.84634E-4
20.29552	1.85486E-4
20.31299	1.85429E-4
20.32922	1.85811E-4
20.34714	1.86468E-4
20.36239	1.8699E-4
20.37607	1.87789E-4
20.39404	1.88078E-4
20.41219	1.86938E-4
20.42837	1.86783E-4
20.44449	1.86659E-4
20.46127	1.86008E-4
20.47867	1.86144E-4
20.49446	1.85974E-4
20.51192	1.85205E-4
20.52718	1.85006E-4
20.54443	1.83955E-4
20.55996	1.83837E-4
20.57401	1.82833E-4
20.59225	1.81788E-4
20.61016	1.8179E-4
20.62737	1.81853E-4
20.64374	1.81662E-4
20.65823	1.81276E-4
20.67674	1.80848E-4
20.69516	1.79402E-4
20.71061	1.80154E-4
20.72765	1.82377E-4
20.74383	1.82035E-4
20.76007	1.80425E-4
20.77876	1.80909E-4
20.7955	1.80216E-4
20.81163	1.81212E-4
20.82835	1.80722E-4
20.84349	1.80891E-4
20.85902	1.7984E-4
20.87757	1.79923E-4
20.89536	1.79541E-4
20.91133	1.79234E-4
20.92588	1.7833E-4
20.94081	1.77997E-4
20.95801	1.78667E-4
20.97531	1.78985E-4
20.99168	1.78025E-4
21.00676	1.79059E-4
21.02284	1.80314E-4
21.04262	1.79961E-4
21.06003	1.79358E-4
21.07539	1.79617E-4
21.08935	1.78706E-4
21.10872	1.7738E-4
21.12621	1.76687E-4
21.14351	1.77758E-4
21.15687	1.76394E-4
21.17613	1.76298E-4
21.19149	1.76784E-4
21.20899	1.7594E-4
21.22404	1.76089E-4
21.24319	1.75974E-4
21.25934	1.75424E-4
21.27742	1.74026E-4
21.2909	1.74502E-4
21.30872	1.7363E-4
21.32544	1.75311E-4
21.34197	1.7498E-4
21.35923	1.7508E-4
21.37693	1.75838E-4
21.39291	1.76685E-4
21.40759	1.76207E-4
21.42469	1.74245E-4
21.444	1.74438E-4
21.45859	1.7449E-4
21.47496	1.73815E-4
21.49208	1.75372E-4
21.50827	1.7487E-4
21.52452	1.75396E-4
21.53987	1.74448E-4
21.55585	1.74163E-4
21.57415	1.73663E-4
21.5917	1.73313E-4
21.60699	1.72644E-4
21.62342	1.71986E-4
21.64149	1.71684E-4
21.6598	1.72761E-4
21.67148	1.71913E-4
21.6922	1.73209E-4
21.70707	1.73277E-4
21.72286	1.7107E-4
21.73846	1.70823E-4
21.75554	1.70042E-4
21.77204	1.71976E-4
21.78689	1.71855E-4
21.80447	1.72104E-4
21.82139	1.71606E-4
21.83836	1.71968E-4
21.85569	1.71803E-4
21.87312	1.72482E-4
21.88775	1.71741E-4
21.90476	1.70395E-4
21.92118	1.70375E-4
21.93656	1.70753E-4
21.95235	1.71028E-4
21.96995	1.7153E-4
21.98458	1.71054E-4
22.00111	1.71395E-4
22.01906	1.70108E-4
22.03595	1.71074E-4
22.0502	1.70001E-4
22.06818	1.68584E-4
22.0858	1.68686E-4
22.10086	1.69359E-4
22.11672	1.76014E-4
22.13604	1.97947E-4
22.15282	2.06852E-4
22.1697	2.07236E-4
22.18595	2.04093E-4
22.20186	2.00725E-4
22.22018	1.97174E-4
22.23516	1.92649E-4
22.25182	1.90276E-4
22.26935	1.88099E-4
22.28552	1.84829E-4
22.30144	1.83096E-4
22.32004	1.83927E-4
22.33488	1.82756E-4
22.35257	1.8038E-4
22.36691	1.78181E-4
22.38405	1.76141E-4
22.39983	1.71819E-4
22.41668	1.66963E-4
22.43418	1.6493E-4
22.44913	1.65473E-4
22.46744	1.64181E-4
22.48655	1.64856E-4
22.50173	1.64414E-4
22.51667	1.63292E-4
22.53414	1.64392E-4
22.55029	1.62854E-4
22.56709	1.63161E-4
22.58393	1.6205E-4
22.60088	1.62862E-4
22.61844	1.63802E-4
22.63348	1.6425E-4
22.65001	1.63033E-4
22.66662	1.62358E-4
22.68392	1.62818E-4
22.69841	1.61303E-4
22.71563	1.60853E-4
22.72988	1.6144E-4
22.74925	1.61295E-4
22.76681	1.60845E-4
22.78264	1.59586E-4
22.80016	1.60653E-4
22.81632	1.61446E-4
22.83256	1.63276E-4
22.84999	1.64366E-4
22.86729	1.63115E-4
22.88129	1.62052E-4
22.90006	1.60291E-4
22.91684	1.60496E-4
22.93177	1.60436E-4
22.94989	1.60329E-4
22.96584	1.6349E-4
22.9846	1.6246E-4
23.00007	1.61984E-4
23.015	1.6055E-4
23.03332	1.59387E-4
23.04948	1.58126E-4
23.06602	1.5853E-4
23.08442	1.59187E-4
23.09995	1.61327E-4
23.11962	1.61002E-4
23.13287	1.61245E-4
23.14915	1.60098E-4
23.16771	1.58692E-4
23.18382	1.5948E-4
23.19983	1.59466E-4
23.21715	1.5859E-4
23.23298	1.57403E-4
23.2478	1.57212E-4
23.26483	1.58122E-4
23.28091	1.58887E-4
23.29861	1.58118E-4
23.31445	1.56923E-4
23.33048	1.57504E-4
23.34858	1.57831E-4
23.36604	1.56449E-4
23.38378	1.56058E-4
23.39956	1.56471E-4
23.41592	1.56891E-4
23.43138	1.5623E-4
23.44631	1.55479E-4
23.46412	1.54692E-4
23.48238	1.54965E-4
23.49964	1.55847E-4
23.51461	1.56319E-4
23.53061	1.55686E-4
23.54885	1.55997E-4
23.56396	1.56023E-4
23.58144	1.55096E-4
23.59871	1.546E-4
23.61401	1.5511E-4
23.6322	1.5415E-4
23.6469	1.53493E-4
23.66471	1.52894E-4
23.67962	1.54063E-4
23.69694	1.55071E-4
23.7134	1.54654E-4
23.72972	1.54953E-4
23.74745	1.54614E-4
23.76496	1.53073E-4
23.78032	1.52179E-4
23.79838	1.53997E-4
23.814	1.53332E-4
23.83108	1.54509E-4
23.84539	1.54891E-4
23.86288	1.54224E-4
23.87938	1.52627E-4
23.89541	1.50872E-4
23.91371	1.51876E-4
23.93118	1.52601E-4
23.94618	1.52495E-4
23.9621	1.52408E-4
23.98046	1.51995E-4
23.99626	1.52601E-4
24.01415	1.53772E-4
24.02792	1.52908E-4
24.04625	1.52459E-4
24.06267	1.53332E-4
24.0807	1.53222E-4
24.09549	1.52069E-4
24.11288	1.51511E-4
24.12985	1.5029E-4
24.14768	1.4948E-4
24.16282	1.4952E-4
24.17959	1.50505E-4
24.19585	1.4948E-4
24.21287	1.50155E-4
24.22968	1.49842E-4
24.24403	1.50956E-4
24.26271	1.51368E-4
24.27866	1.51629E-4
24.29436	1.51348E-4
24.31176	1.5088E-4
24.32887	1.50693E-4
24.34489	1.50997E-4
24.36276	1.50328E-4
24.38006	1.4989E-4
24.39684	1.50125E-4
24.4127	1.49422E-4
24.43025	1.49954E-4
24.44662	1.50707E-4
24.46478	1.50812E-4
24.47985	1.49637E-4
24.49486	1.50008E-4
24.5095	1.5084E-4
24.5271	1.49052E-4
24.54591	1.47968E-4
24.55998	1.47299E-4
24.57657	1.47313E-4
24.59335	1.46422E-4
24.61264	1.45976E-4
24.6284	1.46634E-4
24.64392	1.47179E-4
24.66052	1.49233E-4
24.67671	1.48082E-4
24.69506	1.49131E-4
24.70995	1.49245E-4
24.72502	1.48787E-4
24.74349	1.48129E-4
24.76031	1.46432E-4
24.77833	1.45789E-4
24.79489	1.45907E-4
24.81046	1.45897E-4
24.82857	1.46733E-4
24.84525	1.47014E-4
24.8601	1.46819E-4
24.87555	1.46225E-4
24.89169	1.47151E-4
24.9102	1.47215E-4
24.924	1.47229E-4
24.94169	1.47311E-4
24.95923	1.47964E-4
24.97658	1.4594E-4
24.99082	1.46255E-4
25.00955	1.4645E-4
25.02612	1.44879E-4
25.04097	1.44078E-4
25.05905	1.43969E-4
25.0776	1.43831E-4
25.09489	1.44895E-4
25.10967	1.45634E-4
25.12627	1.45492E-4
25.14209	1.43369E-4
25.16051	1.43897E-4
25.17465	1.4368E-4
25.19117	1.44953E-4
25.209	1.45713E-4
25.22624	1.45458E-4
25.24198	1.46156E-4
25.2582	1.46845E-4
25.27295	1.4549E-4
25.29004	1.44162E-4
25.30753	1.43383E-4
25.3216	1.431E-4
25.34069	1.43704E-4
25.35783	1.44528E-4
25.37351	1.43909E-4
25.38953	1.43726E-4
25.4054	1.44793E-4
25.4231	1.44953E-4
25.43894	1.44775E-4
25.45653	1.44506E-4
25.47187	1.44152E-4
25.48951	1.42676E-4
25.50344	1.43162E-4
25.52289	1.43142E-4
25.53996	1.42421E-4
25.55488	1.42256E-4
25.57265	1.4214E-4
25.58901	1.41768E-4
25.60634	1.42172E-4
25.62137	1.42545E-4
25.63839	1.42949E-4
25.65511	1.40166E-4
25.66985	1.40947E-4
25.68647	1.40479E-4
25.70401	1.41266E-4
25.72168	1.42003E-4
25.73781	1.41041E-4
25.75473	1.41009E-4
25.77199	1.40826E-4
25.78896	1.41953E-4
25.80648	1.4271E-4
25.82085	1.42371E-4
25.83781	1.42068E-4
25.85428	1.40599E-4
25.87278	1.42192E-4
25.89	1.41547E-4
25.90389	1.41584E-4
25.92058	1.40945E-4
25.9369	1.40374E-4
25.95208	1.4026E-4
25.96937	1.38894E-4
25.98799	1.37563E-4
26.00387	1.38481E-4
26.02241	1.40702E-4
26.0379	1.40581E-4
26.05316	1.40529E-4
26.06831	1.3984E-4
26.08659	1.39909E-4
26.10464	1.39286E-4
26.1202	1.38657E-4
26.13612	1.38485E-4
26.15193	1.40242E-4
26.17083	1.39449E-4
26.18755	1.39684E-4
26.20296	1.40061E-4
26.2192	1.39674E-4
26.23498	1.38228E-4
26.24998	1.38495E-4
26.26774	1.39688E-4
26.28538	1.392E-4
26.30237	1.39742E-4
26.31872	1.38796E-4
26.33575	1.38276E-4
26.35368	1.38517E-4
26.37048	1.37547E-4
26.38573	1.36512E-4
26.40248	1.36607E-4
26.42012	1.37179E-4
26.4355	1.36864E-4
26.45365	1.35866E-4
26.46784	1.36334E-4
26.48567	1.34106E-4
26.50046	1.3301E-4
26.51812	1.33771E-4
26.53331	1.3549E-4
26.55057	1.34205E-4
26.56863	1.33303E-4
26.58358	1.32389E-4
26.59942	1.32693E-4
26.61549	1.33988E-4
26.63243	1.34446E-4
26.64942	1.34243E-4
26.6669	1.35076E-4
26.6861	1.33894E-4
26.70351	1.34896E-4
26.71753	1.35386E-4
26.73247	1.33281E-4
26.74879	1.32938E-4
26.76553	1.31036E-4
26.78434	1.30753E-4
26.79936	1.29979E-4
26.81574	1.31383E-4
26.83436	1.32233E-4
26.84933	1.3297E-4
26.86631	1.3347E-4
26.88378	1.32664E-4
26.89917	1.32319E-4
26.91724	1.32166E-4
26.93313	1.32283E-4
26.95012	1.31725E-4
26.96771	1.31707E-4
26.98348	1.32361E-4
26.9988	1.44564E-4
27.01566	1.63816E-4
27.03165	1.68833E-4
27.04768	1.69435E-4
27.06544	1.64633E-4
27.08219	1.60424E-4
27.09663	1.5703E-4
27.1149	1.52993E-4
27.13043	1.50529E-4
27.14688	1.47958E-4
27.16489	1.45598E-4
27.18009	1.44034E-4
27.19657	1.42566E-4
27.21464	1.42037E-4
27.23171	1.41573E-4
27.24928	1.38953E-4
27.26359	1.38117E-4
27.27985	1.37009E-4
27.29527	1.32387E-4
27.31344	1.31847E-4
27.32969	1.30138E-4
27.34853	1.30001E-4
27.36472	1.30337E-4
27.38217	1.29511E-4
27.39723	1.30138E-4
27.4149	1.29443E-4
27.43248	1.28186E-4
27.44764	1.29301E-4
27.46218	1.2959E-4
27.4821	1.30853E-4
27.49838	1.30636E-4
27.51397	1.31172E-4
27.53117	1.30399E-4
27.54754	1.29309E-4
27.56194	1.30293E-4
27.58198	1.30058E-4
27.59731	1.29582E-4
27.61594	1.30793E-4
27.63174	1.31905E-4
27.64736	1.31925E-4
27.66217	1.32899E-4
27.67923	1.30439E-4
27.69738	1.30461E-4
27.71392	1.30054E-4
27.72984	1.29345E-4
27.74554	1.30811E-4
27.76197	1.29929E-4
27.77779	1.29889E-4
27.79423	1.31112E-4
27.81333	1.30743E-4
27.82854	1.31036E-4
27.84482	1.3025E-4
27.86197	1.30032E-4
27.87952	1.30208E-4
27.89536	1.30642E-4
27.91138	1.30297E-4
27.92754	1.30291E-4
27.94601	1.28397E-4
27.96332	1.28413E-4
27.98081	1.28013E-4
27.99651	1.28547E-4
28.01136	1.28487E-4
28.02828	1.28077E-4
28.04433	1.2859E-4
28.06187	1.281E-4
28.07819	1.27796E-4
28.09572	1.29136E-4
28.1114	1.2922E-4
28.12851	1.30644E-4
28.14502	1.30797E-4
28.15924	1.30504E-4
28.17458	1.30287E-4
28.19387	1.29919E-4
28.20948	1.29652E-4
28.22867	1.30275E-4
28.24454	1.30751E-4
28.26409	1.29511E-4
28.27915	1.30395E-4
28.29543	1.30244E-4
28.31105	1.29329E-4
28.32905	1.28877E-4
28.34708	1.27953E-4
28.36384	1.27469E-4
28.37719	1.28756E-4
28.39336	1.29021E-4
28.41224	1.28037E-4
28.42756	1.28853E-4
28.44298	1.28023E-4
28.45899	1.28782E-4
28.47454	1.28377E-4
28.49237	1.29238E-4
28.51024	1.28515E-4
28.52626	1.28987E-4
28.54397	1.28178E-4
28.5631	1.29451E-4
28.57737	1.28929E-4
28.59464	1.27031E-4
28.60958	1.2814E-4
28.62521	1.2828E-4
28.64443	1.28242E-4
28.66087	1.28174E-4
28.67954	1.28294E-4
28.69447	1.27381E-4
28.71091	1.27158E-4
28.72864	1.27134E-4
28.7448	1.26182E-4
28.76203	1.26806E-4
28.77903	1.26846E-4
28.79486	1.25798E-4
28.81045	1.26095E-4
28.82912	1.26876E-4
28.8444	1.26603E-4
28.85927	1.25079E-4
28.8758	1.25224E-4
28.89235	1.24842E-4
28.91089	1.25814E-4
28.92789	1.25589E-4
28.94394	1.24699E-4
28.96149	1.23964E-4
28.97853	1.24973E-4
28.99438	1.24874E-4
29.00947	1.24543E-4
29.02666	1.25856E-4
29.04162	1.23806E-4
29.05796	1.24641E-4
29.07485	1.26344E-4
29.0914	1.25776E-4
29.10747	1.25019E-4
29.12593	1.2434E-4
29.14281	1.24015E-4
29.16008	1.26278E-4
29.17522	1.25569E-4
29.19133	1.2475E-4
29.20928	1.23241E-4
29.22674	1.23764E-4
29.24363	1.23864E-4
29.25875	1.23213E-4
29.27854	1.2399E-4
29.29228	1.25153E-4
29.30894	1.24328E-4
29.32552	1.24687E-4
29.34331	1.24617E-4
29.36137	1.24043E-4
29.37738	1.25043E-4
29.39366	1.24527E-4
29.41	1.24087E-4
29.42525	1.24444E-4
29.44412	1.24079E-4
29.4577	1.2438E-4
29.47501	1.25165E-4
29.4935	1.24117E-4
29.50941	1.24023E-4
29.52641	1.23121E-4
29.54088	1.24009E-4
29.55541	1.24215E-4
29.56749	1.24043E-4
29.58227	1.25117E-4
29.59807	1.27144E-4
29.61649	1.27109E-4
29.63463	1.26589E-4
29.64864	1.25352E-4
29.66568	1.25123E-4
29.68044	1.25238E-4
29.69827	1.25949E-4
29.71537	1.25577E-4
29.73483	1.24037E-4
29.75038	1.24589E-4
29.76558	1.25434E-4
29.78289	1.26344E-4
29.79861	1.27128E-4
29.81596	1.27025E-4
29.83428	1.26413E-4
29.85011	1.25806E-4
29.86585	1.24276E-4
29.88351	1.25065E-4
29.89983	1.24991E-4
29.91703	1.24836E-4
29.93214	1.24926E-4
29.9492	1.25521E-4
29.96524	1.26117E-4
29.9815	1.26332E-4
29.99664	1.26822E-4
30.01672	1.26421E-4
30.03413	1.25862E-4
30.04753	1.25202E-4
30.0643	1.26788E-4
30.07924	1.25923E-4
30.09637	1.2588E-4
30.11354	1.26392E-4
30.13135	1.25914E-4
30.14703	1.26501E-4
30.16403	1.26601E-4
30.18139	1.27081E-4
30.19531	1.27853E-4
30.21219	1.26328E-4
30.23011	1.2631E-4
30.24737	1.27266E-4
30.26369	1.25571E-4
30.28197	1.28244E-4
30.29825	1.28455E-4
30.31454	1.29421E-4
30.32909	1.28883E-4
30.34744	1.29397E-4
30.36376	1.29035E-4
30.3826	1.29007E-4
30.39655	1.29086E-4
30.41435	1.28383E-4
30.4309	1.28961E-4
30.44732	1.29248E-4
30.46537	1.29674E-4
30.4805	1.29764E-4
30.49872	1.3014E-4
30.51474	1.28752E-4
30.53152	1.29311E-4
30.54662	1.30965E-4
30.5613	1.32034E-4
30.57767	1.32594E-4
30.59714	1.3247E-4
30.61073	1.32241E-4
30.62681	1.31837E-4
30.64682	1.32164E-4
30.66214	1.33148E-4
30.67854	1.33769E-4
30.69793	1.33132E-4
30.71162	1.32347E-4
30.7289	1.31694E-4
30.74433	1.32373E-4
30.76223	1.3492E-4
30.779	1.3492E-4
30.79177	1.339E-4
30.80859	1.34914E-4
30.82826	1.34811E-4
30.8443	1.34131E-4
30.86187	1.34831E-4
30.87798	1.35998E-4
30.89577	1.37083E-4
30.91227	1.35398E-4
30.92812	1.36059E-4
30.94445	1.37932E-4
30.95893	1.37782E-4
30.97733	1.38784E-4
30.99434	1.38991E-4
31.00858	1.39748E-4
31.02638	1.41112E-4
31.0418	1.4222E-4
31.05923	1.42286E-4
31.07479	1.42758E-4
31.09223	1.44257E-4
31.10775	1.45606E-4
31.12507	1.46136E-4
31.14143	1.44351E-4
31.15681	1.44666E-4
31.17571	1.44735E-4
31.19048	1.4463E-4
31.2079	1.46349E-4
31.22421	1.47548E-4
31.24148	1.47817E-4
31.25617	1.47173E-4
31.27301	1.47271E-4
31.29087	1.48801E-4
31.30949	1.50784E-4
31.32571	1.50687E-4
31.34207	1.5029E-4
31.36033	1.5235E-4
31.37618	1.52993E-4
31.39218	1.53921E-4
31.40861	1.53212E-4
31.42716	1.53947E-4
31.44228	1.55122E-4
31.45901	1.56188E-4
31.47566	1.56869E-4
31.49168	1.58018E-4
31.50753	1.59988E-4
31.52697	1.60386E-4
31.54244	1.61572E-4
31.55752	1.6778E-4
31.57316	1.91105E-4
31.59468	2.00874E-4
31.60949	2.01647E-4
31.62602	2.00038E-4
31.64199	1.97684E-4
31.65892	1.96616E-4
31.67571	1.92585E-4
31.69348	1.91069E-4
31.70882	1.90565E-4
31.72516	1.91248E-4
31.74216	1.91107E-4
31.76105	1.92402E-4
31.77583	1.91061E-4
31.79212	1.92137E-4
31.8098	1.9194E-4
31.82804	1.94232E-4
31.84316	1.95142E-4
31.85931	1.9281E-4
31.87729	1.90434E-4
31.89409	1.91244E-4
31.90948	1.92814E-4
31.92468	1.95849E-4
31.94204	1.98359E-4
31.95834	2.00173E-4
31.97662	2.04587E-4
31.9923	2.06097E-4
32.0085	2.09214E-4
32.02493	2.11719E-4
32.04254	2.13789E-4
32.05932	2.15673E-4
32.07554	2.18509E-4
32.09136	2.22023E-4
32.10718	2.25042E-4
32.12232	2.28125E-4
32.14003	2.30438E-4
32.15545	2.35529E-4
32.1739	2.38152E-4
32.18918	2.41155E-4
32.20792	2.43802E-4
32.22311	2.4874E-4
32.24072	2.52207E-4
32.25952	2.56786E-4
32.27376	2.59682E-4
32.2874	2.6408E-4
32.30552	2.68613E-4
32.32392	2.71824E-4
32.33884	2.76429E-4
32.35452	2.79034E-4
32.37003	2.85778E-4
32.38767	2.89861E-4
32.40353	2.9394E-4
32.42217	2.98699E-4
32.43916	3.02118E-4
32.45672	3.06532E-4
32.47269	3.11225E-4
32.48939	3.16515E-4
32.50317	3.21434E-4
32.52262	3.24199E-4
32.53844	3.27891E-4
32.55672	3.34333E-4
32.57296	3.39545E-4
32.59126	3.46952E-4
32.60773	3.52525E-4
32.62543	3.57873E-4
32.6398	3.6282E-4
32.65812	3.6821E-4
32.6742	3.73614E-4
32.6889	3.78075E-4
32.70552	3.83407E-4
32.7221	3.87432E-4
32.73908	3.94846E-4
32.75636	3.9912E-4
32.77175	4.07051E-4
32.78854	4.13771E-4
32.80687	4.20159E-4
32.82306	4.26048E-4
32.83845	4.32732E-4
32.85692	4.4006E-4
32.87294	4.44041E-4
32.88878	4.50009E-4
32.9067	4.57157E-4
32.92141	4.65044E-4
32.93893	4.71862E-4
32.95483	4.7916E-4
32.97236	4.87081E-4
32.98718	4.96358E-4
33.00473	5.04666E-4
33.02031	5.12179E-4
33.03743	5.2014E-4
33.0537	5.28354E-4
33.07078	5.37432E-4
33.08845	5.45502E-4
33.10676	5.55316E-4
33.12143	5.6433E-4
33.13742	5.735E-4
33.15441	5.83586E-4
33.16972	5.91512E-4
33.18596	6.00369E-4
33.20238	6.10063E-4
33.22144	6.21107E-4
33.23616	6.31231E-4
33.25339	6.40313E-4
33.26931	6.50596E-4
33.28686	6.63168E-4
33.30296	6.75463E-4
33.31853	6.83556E-4
33.33538	6.95163E-4
33.35113	7.06315E-4
33.37016	7.16738E-4
33.38619	7.29023E-4
33.40417	7.3985E-4
33.42072	7.50048E-4
33.43793	7.61727E-4
33.45387	7.72407E-4
33.46853	7.82852E-4
33.4822	7.94744E-4
33.50188	8.06456E-4
33.518	8.18314E-4
33.53602	8.3147E-4
33.55488	8.42894E-4
33.57233	8.541E-4
33.58575	8.66506E-4
33.60415	8.79244E-4
33.6192	8.90654E-4
33.63517	9.02999E-4
33.65351	9.15143E-4
33.66961	9.26904E-4
33.68386	9.39533E-4
33.70194	9.51508E-4
33.71823	9.65426E-4
33.73609	9.76002E-4
33.75454	9.87265E-4
33.76927	9.98626E-4
33.78313	0.00101
33.80022	0.00102
33.81909	0.00103
33.83705	0.00105
33.85285	0.00106
33.86661	0.00107
33.88372	0.00108
33.90164	0.0011
33.91772	0.00111
33.93518	0.00112
33.95254	0.00113
33.96752	0.00115
33.9846	0.00116
34.00297	0.00117
34.01934	0.00118
34.03517	0.00119
34.05125	0.0012
34.06812	0.00121
34.08436	0.00122
34.10068	0.00123
34.1178	0.00124
34.13427	0.00125
34.14856	0.00126
34.16538	0.00127
34.18277	0.00127
34.19999	0.00128
34.21652	0.00128
34.23466	0.00128
34.25418	0.00128
34.26803	0.00128
34.28355	0.00128
34.30256	0.00128
34.31826	0.00128
34.33332	0.00127
34.35099	0.00126
34.36653	0.00125
34.38436	0.00124
34.4006	0.00123
34.41835	0.00121
34.43299	0.00119
34.44939	0.00118
34.46833	0.00115
34.48433	0.00113
34.50073	0.00111
34.51695	0.00108
34.53356	0.00105
34.55044	0.00102
34.56804	9.92541E-4
34.58416	9.59377E-4
34.59891	9.26089E-4
34.61554	8.90824E-4
34.63192	8.57685E-4
34.64876	8.23381E-4
34.66384	7.87311E-4
34.67938	7.52392E-4
34.7002	7.15519E-4
34.71599	6.78853E-4
34.73495	6.42711E-4
34.74917	6.082E-4
34.76663	5.72405E-4
34.78118	5.40603E-4
34.79864	5.07305E-4
34.81479	4.76329E-4
34.83338	4.4685E-4
34.84821	4.21435E-4
34.8644	3.96576E-4
34.88097	3.72729E-4
34.89816	3.49651E-4
34.91334	3.30254E-4
34.93276	3.11495E-4
34.94971	2.97372E-4
34.96628	2.8206E-4
34.98226	2.68948E-4
34.99614	2.57581E-4
35.01326	2.47224E-4
35.03304	2.38293E-4
35.04822	2.31577E-4
35.06433	2.24815E-4
35.07961	2.18643E-4
35.09764	2.12885E-4
35.11438	2.09176E-4
35.13053	2.05119E-4
35.14816	2.028E-4
35.16516	2.01864E-4
35.18079	2.00432E-4
35.19673	1.99618E-4
35.21346	1.98381E-4
35.23062	1.97383E-4
35.24664	1.97753E-4
35.26333	1.96005E-4
35.27979	1.94459E-4
35.29699	1.94927E-4
35.31127	1.93858E-4
35.33107	1.93619E-4
35.3478	1.92812E-4
35.36272	1.91183E-4
35.37907	1.90677E-4
35.39675	1.91934E-4
35.41299	1.91438E-4
35.42895	1.92145E-4
35.44488	1.92929E-4
35.4631	1.91681E-4
35.47993	1.91035E-4
35.49577	1.90569E-4
35.51341	1.89577E-4
35.52937	1.88219E-4
35.55	1.87602E-4
35.56543	1.88008E-4
35.58082	1.88133E-4
35.59704	1.87789E-4
35.61467	1.86233E-4
35.62943	1.86916E-4
35.64584	1.86552E-4
35.66425	1.87247E-4
35.6801	1.86062E-4
35.69471	1.8516E-4
35.71412	1.85474E-4
35.73027	1.865E-4
35.74418	1.86542E-4
35.76119	1.85689E-4
35.77715	1.86289E-4
35.79418	1.85751E-4
35.81281	1.85735E-4
35.82883	1.85739E-4
35.84509	1.86309E-4
35.86313	1.86857E-4
35.87915	1.88512E-4
35.89446	1.88358E-4
35.91229	1.88179E-4
35.92705	1.87807E-4
35.94305	1.87269E-4
35.95918	2.00793E-4
35.97741	2.21176E-4
35.99416	2.25966E-4
36.01017	2.24959E-4
36.02644	2.21348E-4
36.04273	2.18796E-4
36.05839	2.1459E-4
36.07714	2.11566E-4
36.09506	2.08853E-4
36.11007	2.08184E-4
36.12667	2.07218E-4
36.14359	2.05698E-4
36.15864	2.04832E-4
36.17632	2.04334E-4
36.19268	2.0437E-4
36.20979	2.02727E-4
36.22843	2.02587E-4
36.24435	2.01341E-4
36.26005	1.97451E-4
36.27869	1.95035E-4
36.29152	1.92035E-4
36.30927	1.92167E-4
36.32748	1.94348E-4
36.34261	1.93802E-4
36.35917	1.94403E-4
36.37399	1.9626E-4
36.39244	1.95732E-4
36.40865	1.95059E-4
36.42546	1.94977E-4
36.44324	1.96413E-4
36.46032	1.95847E-4
36.47713	1.95491E-4
36.49475	1.96875E-4
36.51104	1.95911E-4
36.52496	1.97337E-4
36.54342	1.98466E-4
36.55668	1.9896E-4
36.57489	1.98214E-4
36.58962	1.97566E-4
36.60743	1.98584E-4
36.62532	1.99436E-4
36.64132	1.96624E-4
36.65822	1.96146E-4
36.67586	1.97082E-4
36.6916	1.98092E-4
36.70699	1.97449E-4
36.7235	1.97142E-4
36.73987	1.97174E-4
36.75587	1.97481E-4
36.77397	1.98084E-4
36.79299	1.97963E-4
36.8098	1.98478E-4
36.82346	1.99006E-4
36.84006	1.99498E-4
36.85642	1.98343E-4
36.87348	1.99713E-4
36.8921	1.99542E-4
36.90539	1.98395E-4
36.92128	1.99803E-4
36.94042	1.9912E-4
36.95639	1.981E-4
36.97296	1.98763E-4
36.99037	2.00367E-4
37.00788	2.00273E-4
37.02262	2.00456E-4
37.037	1.99775E-4
37.05705	1.99636E-4
37.07272	1.995E-4
37.08757	2.00177E-4
37.10591	1.99851E-4
37.12179	2.00612E-4
37.13842	2.00347E-4
37.15616	1.99542E-4
37.17384	2.00948E-4
37.19063	2.01669E-4
37.20729	2.01372E-4
37.22294	2.00914E-4
37.2396	2.01221E-4
37.25559	2.02398E-4
37.27254	2.00853E-4
37.2882	2.00823E-4
37.30714	2.02259E-4
37.32284	2.02988E-4
37.33709	2.01098E-4
37.35292	2.01402E-4
37.36946	2.01578E-4
37.38692	2.0158E-4
37.40376	2.01526E-4
37.42098	2.00994E-4
37.43676	2.02271E-4
37.45257	1.99918E-4
37.47	2.00355E-4
37.48786	2.00896E-4
37.50276	2.02914E-4
37.51949	2.02617E-4
37.53735	2.01466E-4
37.55509	2.00661E-4
37.57012	2.0185E-4
37.58695	2.00102E-4
37.60289	2.0001E-4
37.61942	1.98279E-4
37.63537	1.97329E-4
37.65191	1.98208E-4
37.66731	2.00227E-4
37.68435	2.00562E-4
37.70292	2.02554E-4
37.71803	2.03207E-4
37.73608	2.03073E-4
37.75364	2.02083E-4
37.7695	2.03559E-4
37.7843	2.04191E-4
37.80027	2.04772E-4
37.82002	2.05324E-4
37.83532	2.06324E-4
37.85054	2.07288E-4
37.86902	2.07702E-4
37.88516	2.08979E-4
37.90417	2.07955E-4
37.91737	2.09256E-4
37.93198	2.1052E-4
37.94822	2.10961E-4
37.96584	2.10945E-4
37.98373	2.11042E-4
38.00073	2.10744E-4
38.01527	2.10937E-4
38.03242	2.12098E-4
38.05133	2.12215E-4
38.06816	2.11837E-4
38.08434	2.11329E-4
38.10245	2.12634E-4
38.11711	2.12395E-4
38.13148	2.12803E-4
38.14899	2.09646E-4
38.16643	2.10281E-4
38.18386	2.1069E-4
38.20012	2.09907E-4
38.22003	2.09564E-4
38.23443	2.10044E-4
38.24975	2.10019E-4
38.26739	2.09503E-4
38.28505	2.09594E-4
38.30246	2.10626E-4
38.31705	2.11799E-4
38.33603	2.12257E-4
38.35159	2.12269E-4
38.3648	2.11528E-4
38.38186	2.12072E-4
38.40155	2.13705E-4
38.4184	2.13612E-4
38.4333	2.14504E-4
38.44891	2.14876E-4
38.46667	2.14076E-4
38.48566	2.16506E-4
38.50228	2.17924E-4
38.518	2.19234E-4
38.5326	2.19067E-4
38.54881	2.19356E-4
38.5662	2.18113E-4
38.58322	2.19567E-4
38.59968	2.21947E-4
38.61788	2.22861E-4
38.63294	2.24618E-4
38.64738	2.25427E-4
38.66624	2.24998E-4
38.68289	2.24666E-4
38.69939	2.23435E-4
38.71691	2.22507E-4
38.73175	2.23355E-4
38.75035	2.24568E-4
38.76417	2.23371E-4
38.78053	2.23168E-4
38.79777	2.22754E-4
38.81342	2.25044E-4
38.83095	2.26219E-4
38.84846	2.26928E-4
38.86601	2.29956E-4
38.88201	2.30701E-4
38.89701	2.30209E-4
38.91435	2.30454E-4
38.93318	2.30912E-4
38.94916	2.3049E-4
38.964	2.29759E-4
38.98228	2.29314E-4
38.99843	2.29952E-4
39.01305	2.28496E-4
39.03295	2.2857E-4
39.04811	2.30185E-4
39.06404	2.31217E-4
39.08351	2.32623E-4
39.10041	2.3369E-4
39.11567	2.35961E-4
39.13195	2.34089E-4
39.15094	2.33443E-4
39.16665	2.33786E-4
39.1809	2.34995E-4
39.19857	2.36678E-4
39.21554	2.37337E-4
39.23103	2.38492E-4
39.24829	2.3869E-4
39.26363	2.40291E-4
39.28058	2.40402E-4
39.29661	2.38588E-4
39.31153	2.4056E-4
39.32995	2.43077E-4
39.35045	2.43782E-4
39.36619	2.44422E-4
39.38154	2.46714E-4
39.39997	2.46864E-4
39.4143	2.48037E-4
39.42919	2.49025E-4
39.44811	2.5005E-4
39.46584	2.49799E-4
39.48225	2.53185E-4
39.49915	2.54412E-4
39.51544	2.54896E-4
39.5323	2.55703E-4
39.54926	2.56265E-4
39.56584	2.57416E-4
39.58204	2.58356E-4
39.59725	2.58872E-4
39.61382	2.60768E-4
39.63053	2.62594E-4
39.64772	2.63178E-4
39.66459	2.63736E-4
39.68041	2.64775E-4
39.69691	2.63616E-4
39.71133	2.65883E-4
39.72852	2.68044E-4
39.7465	2.68404E-4
39.7626	2.70741E-4
39.78145	2.72372E-4
39.79635	2.73471E-4
39.81213	2.74519E-4
39.8297	2.77094E-4
39.84548	2.79964E-4
39.86426	2.80791E-4
39.88037	2.83059E-4
39.89272	2.84908E-4
39.9089	2.86645E-4
39.9271	2.8729E-4
39.94424	2.88662E-4
39.96231	2.89845E-4
39.97745	2.93646E-4
39.99469	2.96866E-4
40.01268	3.01282E-4
40.02815	3.03859E-4
40.04508	3.06873E-4
40.06248	3.1046E-4
40.07865	3.13836E-4
40.09549	3.18447E-4
40.11264	3.21096E-4
40.12753	3.23326E-4
40.14455	3.25834E-4
40.16357	3.28445E-4
40.17896	3.32293E-4
40.19398	3.35167E-4
40.21041	3.39455E-4
40.22657	3.44341E-4
40.24243	3.65669E-4
40.25748	3.86138E-4
40.27723	3.91808E-4
40.29262	3.9376E-4
40.30869	3.96037E-4
40.32606	3.96051E-4
40.3441	3.96244E-4
40.35946	3.98504E-4
40.37441	4.02181E-4
40.39331	4.0588E-4
40.40974	4.11168E-4
40.42343	4.16787E-4
40.44365	4.23726E-4
40.45992	4.31049E-4
40.47509	4.42147E-4
40.49364	4.51172E-4
40.51086	4.62101E-4
40.52538	4.74885E-4
40.54061	4.87754E-4
40.5585	5.03477E-4
40.57383	5.23336E-4
40.59017	5.47695E-4
40.60871	5.76659E-4
40.62677	6.11644E-4
40.64222	6.49772E-4
40.65837	6.9588E-4
40.67475	7.53569E-4
40.6938	8.21222E-4
40.71	9.05136E-4
40.72433	0.00101
40.74057	0.00115
40.75649	0.00135
40.77686	0.0016
40.79113	0.00196
40.808	0.00248
40.82385	0.00333
40.84102	0.00482
40.85743	0.00751
40.87353	0.01209
40.89015	0.01884
40.90651	0.02728
40.92327	0.03594
40.93945	0.04302
40.95524	0.04776
40.97121	0.05059
40.98711	0.05168
41.00424	0.05051
41.01981	0.04692
41.03819	0.04147
41.05621	0.0351
41.07364	0.0287
41.09048	0.02285
41.1066	0.01786
41.12454	0.01379
41.14038	0.01057
41.15577	0.00808
41.17134	0.00618
41.18981	0.00475
41.20609	0.00368
41.22416	0.00288
41.24107	0.00229
41.25435	0.00184
41.27008	0.00152
41.28575	0.00127
41.30305	0.00109
41.32099	9.56865E-4
41.33706	8.57163E-4
41.35322	7.81421E-4
41.37172	7.25617E-4
41.38642	6.83088E-4
41.40348	6.50632E-4
41.42125	6.26514E-4
41.43585	6.06993E-4
41.45102	5.90502E-4
41.47065	5.76769E-4
41.48791	5.65756E-4
41.50296	5.56114E-4
41.52145	5.46751E-4
41.53626	5.39778E-4
41.5534	5.32387E-4
41.56952	5.25035E-4
41.5876	5.15638E-4
41.60366	5.07281E-4
41.6204	4.98233E-4
41.63567	4.91724E-4
41.65516	4.8447E-4
41.67093	4.77895E-4
41.68654	4.7E-4
41.70447	4.61176E-4
41.72103	4.53578E-4
41.7388	4.45653E-4
41.75397	4.3705E-4
41.76868	4.27737E-4
41.78641	4.2075E-4
41.80521	4.11317E-4
41.81947	4.04968E-4
41.83582	3.99325E-4
41.8517	3.90593E-4
41.86878	3.83246E-4
41.88774	3.7492E-4
41.90186	3.69736E-4
41.9189	3.59359E-4
41.93498	3.52232E-4
41.95431	3.45415E-4
41.9705	3.40139E-4
41.98516	3.33711E-4
42.00085	3.32154E-4
42.01995	3.26525E-4
42.03899	3.19574E-4
42.05101	3.14383E-4
42.06798	3.08783E-4
42.08567	3.01228E-4
42.10379	2.95526E-4
42.11909	2.91405E-4
42.13491	2.86965E-4
42.15061	2.83842E-4
42.16898	2.78921E-4
42.1874	2.73145E-4
42.20054	2.71356E-4
42.21849	2.66112E-4
42.23639	2.60194E-4
42.25091	2.57418E-4
42.2675	2.54789E-4
42.28479	2.51755E-4
42.30394	2.49184E-4
42.31723	2.45798E-4
42.33472	2.41285E-4
42.35215	2.35451E-4
42.36959	2.31489E-4
42.3854	2.27349E-4
42.40136	2.24247E-4
42.41967	2.22405E-4
42.43747	2.19204E-4
42.454	2.17842E-4
42.47027	2.17446E-4
42.48546	2.13235E-4
42.50048	2.06017E-4
42.51967	2.0336E-4
42.53501	2.05264E-4
42.55303	2.05282E-4
42.56781	2.00217E-4
42.58326	1.98638E-4
42.59953	1.92527E-4
42.61992	1.94503E-4
42.63685	1.91334E-4
42.65422	1.89641E-4
42.6683	1.87474E-4
42.68526	1.85415E-4
42.69984	1.82901E-4
42.71785	1.81053E-4
42.73276	1.77864E-4
42.74986	1.7881E-4
42.76783	1.76366E-4
42.78507	1.75287E-4
42.80369	1.74408E-4
42.81928	1.70471E-4
42.83634	1.69072E-4
42.85003	1.67087E-4
42.86705	1.64639E-4
42.88591	1.6295E-4
42.90121	1.59777E-4
42.91914	1.57554E-4
42.93553	1.57546E-4
42.95139	1.55246E-4
42.96696	1.54326E-4
42.98564	1.54053E-4
43.00052	1.53557E-4
43.01693	1.52748E-4
43.03252	1.50673E-4
43.05063	1.50197E-4
43.06539	1.46365E-4
43.08068	1.46765E-4
43.0978	1.46243E-4
43.11364	1.43811E-4
43.13121	1.41971E-4
43.14523	1.41644E-4
43.16158	1.40551E-4
43.17987	1.40015E-4
43.19749	1.38641E-4
43.21495	1.36525E-4
43.23212	1.3587E-4
43.24934	1.3406E-4
43.26625	1.33924E-4
43.28133	1.32476E-4
43.29906	1.31749E-4
43.31619	1.31634E-4
43.33142	1.30554E-4
43.34822	1.29202E-4
43.36635	1.27929E-4
43.38139	1.26511E-4
43.39743	1.26338E-4
43.41442	1.24936E-4
43.43284	1.2334E-4
43.44832	1.22514E-4
43.46533	1.22223E-4
43.47867	1.23055E-4
43.49537	1.22798E-4
43.51263	1.21432E-4
43.52908	1.19799E-4
43.54822	1.19512E-4
43.56199	1.17688E-4
43.57848	1.17208E-4
43.59895	1.15411E-4
43.6148	1.1561E-4
43.62991	1.13854E-4
43.64726	1.15616E-4
43.66379	1.1518E-4
43.67915	1.12822E-4
43.69778	1.11001E-4
43.71361	1.10513E-4
43.73274	1.10316E-4
43.74837	1.11209E-4
43.7636	1.10744E-4
43.78039	1.09786E-4
43.79846	1.09751E-4
43.81501	1.08777E-4
43.83046	1.07544E-4
43.84581	1.04927E-4
43.8654	1.06741E-4
43.87946	1.05588E-4
43.89607	1.06066E-4
43.913	1.0608E-4
43.92843	1.03668E-4
43.9449	1.04419E-4
43.96429	1.04827E-4
43.97897	1.04032E-4
43.99438	1.02987E-4
44.01142	1.03234E-4
44.02649	1.01686E-4
44.04442	1.00662E-4
44.06068	1.00905E-4
44.07749	1.00308E-4
44.09448	1.01401E-4
44.11301	1.00115E-4
44.12593	1.0035E-4
44.14236	9.91876E-5
44.16054	9.80007E-5
44.17735	1.00224E-4
44.19442	9.84184E-5
44.20986	9.80007E-5
44.22574	9.65908E-5
44.24533	9.62313E-5
44.26157	9.54762E-5
44.27823	9.59722E-5
44.29488	9.56991E-5
44.31193	9.50323E-5
44.32888	9.46829E-5
44.34474	9.43495E-5
44.36242	9.30742E-5
44.37826	9.47411E-5
44.39378	9.28111E-5
44.41017	9.26364E-5
44.4263	9.28111E-5
44.44256	9.66691E-5
44.46196	1.17606E-4
44.47672	1.27601E-4
44.49377	1.26537E-4
44.50983	1.22283E-4
44.52637	1.19134E-4
44.54483	1.16351E-4
44.56184	1.12427E-4
44.57524	1.10503E-4
44.59582	1.06026E-4
44.61275	1.03877E-4
44.62901	1.03415E-4
44.6438	1.02258E-4
44.65968	9.91213E-5
44.67724	9.64864E-5
44.69373	9.60566E-5
44.70926	9.61249E-5
44.72716	9.61209E-5
44.74131	9.45363E-5
44.75892	8.97906E-5
44.77816	8.63342E-5
44.79419	8.482E-5
44.80818	8.34824E-5
44.82393	8.17372E-5
44.84082	8.02972E-5
44.85715	7.87307E-5
44.87432	7.94577E-5
44.89196	8.05382E-5
44.911	8.00321E-5
44.9253	7.94015E-5
44.94471	8.10523E-5
44.96036	8.03494E-5
44.97549	8.25264E-5
44.99293	8.13696E-5
45.00972	8.02068E-5
45.02753	8.06748E-5
45.04086	7.98895E-5
45.05858	7.856E-5
45.07486	7.86584E-5
45.091	7.91906E-5
45.1068	7.81101E-5
45.12382	7.67987E-5
45.14228	7.72586E-5
45.15701	7.7124E-5
45.17136	7.74875E-5
45.18669	7.8807E-5
45.20352	8.01164E-5
45.21715	7.90801E-5
45.23381	7.7829E-5
45.25339	7.75538E-5
45.26878	7.7124E-5
45.28515	7.56901E-5
45.30197	7.59271E-5
45.31977	7.73992E-5
45.33579	7.76542E-5
45.35475	7.66882E-5
45.36892	7.48847E-5
45.38579	7.55475E-5
45.40196	7.63568E-5
45.41963	7.5682E-5
45.43638	7.57885E-5
45.45288	7.5194E-5
45.46938	7.47502E-5
45.48594	7.36697E-5
45.50322	7.35432E-5
45.51817	7.29989E-5
45.5361	7.13601E-5
45.55182	7.16855E-5
45.56876	7.05487E-5
45.58681	7.06391E-5
45.60144	7.14485E-5
45.62087	7.27619E-5
45.63426	7.277E-5
45.65137	7.33363E-5
45.66846	7.2776E-5
45.68853	7.06572E-5
45.70367	7.10669E-5
45.71834	7.02455E-5
45.73618	7.09645E-5
45.75134	7.04122E-5
45.76819	7.05588E-5
45.78478	7.00768E-5
45.80206	7.09504E-5
45.8179	7.11753E-5
45.83297	7.09564E-5
45.85068	7.18401E-5
45.86683	7.19124E-5
45.8827	7.1091E-5
45.89911	6.96811E-5
45.91593	7.04523E-5
45.93199	6.90666E-5
45.95012	7.02836E-5
45.96637	7.05126E-5
45.98178	7.12135E-5
46.00033	7.04463E-5
46.01592	7.04162E-5
46.03203	6.93357E-5
46.04958	6.81428E-5
46.06824	6.97474E-5
46.08524	6.77411E-5
46.1008	6.74539E-5
46.11868	6.70101E-5
46.13334	6.91791E-5
46.15195	6.95185E-5
46.16944	6.85263E-5
46.18543	6.8446E-5
46.20209	6.7952E-5
46.21959	6.78777E-5
46.23442	6.70924E-5
46.24971	6.57468E-5
46.26685	6.63553E-5
46.28299	6.89119E-5
46.30235	6.81026E-5
46.31963	6.7229E-5
46.33587	6.68052E-5
46.35228	6.41743E-5
46.36754	6.62007E-5
46.38346	6.68414E-5
46.40054	6.6753E-5
46.41647	6.70844E-5
46.43485	6.66144E-5
46.45044	6.58292E-5
46.46748	6.45077E-5
46.48513	6.54174E-5
46.50224	6.5562E-5
46.51775	6.52407E-5
46.53316	6.38048E-5
46.55152	6.29452E-5
46.5664	6.35557E-5
46.58256	6.47366E-5
46.59977	6.30556E-5
46.61593	6.34051E-5
46.63386	6.34453E-5
46.64656	6.25174E-5
46.6642	6.23427E-5
46.6823	6.24712E-5
46.69937	6.24732E-5
46.7159	6.11819E-5
46.73358	6.08043E-5
46.74831	6.15855E-5
46.76654	6.15494E-5
46.78324	6.2425E-5
46.79771	6.30195E-5
46.81489	6.20816E-5
46.82823	6.05211E-5
46.84411	5.96816E-5
46.8655	5.89968E-5
46.88281	6.1443E-5
46.89774	6.16036E-5
46.91502	6.2903E-5
46.93164	6.13546E-5
46.951	6.04167E-5
46.96773	5.91776E-5
46.98483	5.98182E-5
47.00076	5.93643E-5
47.01788	5.86373E-5
47.03306	5.95893E-5
47.04882	5.9515E-5
47.06462	5.92398E-5
47.08097	5.90048E-5
47.10005	5.87679E-5
47.1167	6.02841E-5
47.13078	5.86012E-5
47.14889	5.96756E-5
47.16542	5.97801E-5
47.18086	5.94788E-5
47.19963	5.90109E-5
47.21717	5.64462E-5
47.23418	5.76452E-5
47.24989	5.71793E-5
47.2668	5.56409E-5
47.28322	5.70648E-5
47.30077	5.86634E-5
47.31921	5.77938E-5
47.33624	5.73801E-5
47.35164	5.77255E-5
47.36688	5.88442E-5
47.38484	6.06035E-5
47.4009	6.12783E-5
47.41739	6.02922E-5
47.43213	5.80388E-5
47.44737	5.64E-5
47.46437	5.54059E-5
47.48049	5.66732E-5
47.49502	5.69764E-5
47.51111	5.59482E-5
47.52656	5.58236E-5
47.54597	5.58779E-5
47.56313	5.81192E-5
47.57859	5.94507E-5
47.59741	5.928E-5
47.61536	5.98202E-5
47.63237	6.10815E-5
47.64617	5.97178E-5
47.66357	5.81714E-5
47.67915	5.75588E-5
47.69671	5.75729E-5
47.71244	5.75749E-5
47.72984	5.69865E-5
47.74474	5.7587E-5
47.75952	5.7591E-5
47.77929	5.72757E-5
47.79632	5.58578E-5
47.81302	5.46307E-5
47.8288	5.39479E-5
47.84538	5.39398E-5
47.86021	5.50263E-5
47.87681	5.56891E-5
47.89539	5.55646E-5
47.90948	5.43957E-5
47.92753	5.33494E-5
47.94381	5.48938E-5
47.96235	5.28292E-5
47.97748	5.21303E-5
47.99609	5.3014E-5
48.0119	5.34036E-5
48.0275	5.27188E-5
48.04533	5.36265E-5
48.06195	5.447E-5
48.07682	5.29316E-5
48.09346	5.34538E-5
48.11033	5.1807E-5
48.12543	5.26324E-5
48.14311	5.29276E-5
48.16052	5.31626E-5
48.1785	5.28674E-5
48.19551	5.45283E-5
48.21227	5.31325E-5
48.22855	5.19114E-5
48.24516	5.21283E-5
48.26027	5.14696E-5
48.27612	5.04333E-5
48.29301	4.90315E-5
48.30867	4.97866E-5
48.32677	5.05498E-5
48.34351	5.06823E-5
48.35943	4.95456E-5
48.37625	4.91941E-5
48.39256	4.8429E-5
48.40981	4.95637E-5
48.42621	4.9648E-5
48.44286	5.02224E-5
48.46005	5.09233E-5
48.47536	4.91861E-5
48.49069	4.94271E-5
48.50882	4.92283E-5
48.52578	4.95456E-5
48.54034	4.92042E-5
48.55838	5.21946E-5
48.57769	7.12838E-5
48.59586	8.46372E-5
48.60904	8.70834E-5
48.62632	8.29864E-5
48.64407	8.02128E-5
48.66321	7.54451E-5
48.67836	7.31817E-5
48.69622	6.91851E-5
48.71058	6.67831E-5
48.72743	6.49555E-5
48.74489	6.39996E-5
48.76156	6.4337E-5
48.77747	6.08384E-5
48.79331	5.82919E-5
48.81147	5.71451E-5
48.82818	5.71532E-5
48.84363	5.61209E-5
48.86069	5.48697E-5
48.87578	5.33735E-5
48.89269	4.76377E-5
48.90847	4.51875E-5
48.92655	4.54687E-5
48.94303	4.62499E-5
48.95635	4.68102E-5
48.97593	4.64809E-5
48.9912	4.55289E-5
49.00488	4.60571E-5
49.0226	4.41552E-5
49.03872	4.54606E-5
49.05568	4.67179E-5
49.07463	4.48802E-5
49.09066	4.56675E-5
49.10614	4.75453E-5
49.12252	4.8688E-5
49.13903	4.75895E-5
49.15668	4.75834E-5
49.17421	4.76517E-5
49.19106	4.79871E-5
49.20749	4.90797E-5
49.22283	4.83848E-5
49.24085	4.82743E-5
49.25662	4.74991E-5
49.27629	4.65652E-5
49.29191	4.67138E-5
49.30719	4.70713E-5
49.32348	4.72942E-5
49.33946	4.72762E-5
49.35492	4.77642E-5
49.372	4.78124E-5
49.38806	4.76839E-5
49.40476	4.76377E-5
49.42221	4.75493E-5
49.43921	4.64889E-5
49.45579	4.61877E-5
49.47243	4.51192E-5
49.48808	4.40307E-5
49.50511	4.42315E-5
49.52117	4.36491E-5
49.53763	4.3627E-5
49.55295	4.60812E-5
49.56793	4.79128E-5
49.58829	4.84089E-5
49.60457	4.78988E-5
49.6201	4.79188E-5
49.63739	4.7234E-5
49.65291	4.76015E-5
49.67028	4.60953E-5
49.68638	4.70231E-5
49.70296	4.48963E-5
49.72059	4.4344E-5
49.73758	4.59768E-5
49.7529	4.55329E-5
49.7699	4.5537E-5
49.78476	4.48963E-5
49.80084	4.45027E-5
49.81992	4.50268E-5
49.83856	4.45609E-5
49.85338	4.48782E-5
49.86894	4.30105E-5
49.88654	4.29944E-5
49.90423	4.37013E-5
49.9216	4.34061E-5
49.93735	4.39946E-5
49.95389	4.41271E-5
49.97012	4.37917E-5
49.98574	4.39283E-5
50.00299	4.19882E-5
50.0185	4.26209E-5
50.03602	4.30065E-5
50.05342	4.39745E-5
50.07064	4.29844E-5
50.08553	4.52156E-5
50.10315	4.56213E-5
50.11902	4.53542E-5
50.13624	4.43018E-5
50.1504	4.30627E-5
50.16743	4.21228E-5
50.1851	4.18035E-5
50.20029	4.29201E-5
50.21811	4.24401E-5
50.23445	4.3368E-5
50.24976	4.26871E-5
50.26564	4.26429E-5
50.28441	4.29623E-5
50.30269	4.23015E-5
50.31853	4.11106E-5
50.33657	4.17251E-5
50.35354	4.18918E-5
50.36868	4.17593E-5
50.38425	4.144E-5
50.40285	4.23216E-5
50.41782	4.22955E-5
50.43377	4.10724E-5
50.45139	3.92187E-5
50.46951	4.07049E-5
50.4816	4.04418E-5
50.49964	3.91063E-5
50.5171	4.02129E-5
50.53532	4.04057E-5
50.54943	3.86926E-5
50.56697	3.69292E-5
50.58419	3.7363E-5
50.60263	3.77667E-5
50.61981	3.84074E-5
50.63707	3.81302E-5
50.65434	3.89556E-5
50.66886	3.99859E-5
50.68377	3.96525E-5
50.702	3.99217E-5
50.72247	4.00723E-5
50.73582	3.98955E-5
50.75285	4.09198E-5
50.77057	4.07611E-5
50.78774	3.92991E-5
50.80289	3.92669E-5
50.81916	3.98473E-5
50.83556	3.85058E-5
50.85306	3.87849E-5
50.86949	3.89095E-5
50.88573	3.79475E-5
50.90246	3.8564E-5
50.91832	3.80961E-5
50.93574	3.89496E-5
50.95448	3.88432E-5
50.96746	3.89074E-5
50.98427	3.84877E-5
50.999	3.87367E-5
51.01521	4.04097E-5
51.03108	4.09077E-5
51.05032	4.23859E-5
51.06632	4.0721E-5
51.08343	4.13134E-5
51.1012	4.0245E-5
51.11894	3.95581E-5
51.13492	3.91625E-5
51.15251	3.65999E-5
51.1686	3.65979E-5
51.18791	3.79977E-5
51.20248	3.9283E-5
51.21906	4.0239E-5
51.23178	3.98976E-5
51.24878	3.97128E-5
51.26761	3.99779E-5
51.28333	3.9996E-5
51.30091	4.05221E-5
51.31778	4.04057E-5
51.33479	4.08033E-5
51.35256	4.09881E-5
51.36751	4.02209E-5
51.38438	3.98976E-5
51.40174	4.08575E-5
51.41679	4.01345E-5
51.43351	4.01847E-5
51.44992	4.00602E-5
51.46549	4.03675E-5
51.48288	3.9769E-5
51.49999	4.10503E-5
51.51461	4.25686E-5
51.53336	4.23879E-5
51.54815	4.12954E-5
51.5629	4.13556E-5
51.5787	4.01084E-5
51.59564	3.81764E-5
51.61389	3.97791E-5
51.62764	4.01627E-5
51.64436	4.06286E-5
51.66342	3.99618E-5
51.67955	3.91043E-5
51.69604	3.81744E-5
51.71057	3.85118E-5
51.73	3.77446E-5
51.74544	3.77527E-5
51.76298	3.89115E-5
51.77951	3.90681E-5
51.7953	4.03996E-5
51.81151	4.07792E-5
51.82591	4.03796E-5
51.84507	4.03133E-5
51.86094	3.90942E-5
51.87647	3.90902E-5
51.89529	3.7592E-5
51.9109	3.81101E-5
51.92994	3.85761E-5
51.94677	3.86604E-5
51.96286	3.82527E-5
51.97962	3.88894E-5
51.99583	3.87608E-5
52.01351	3.84134E-5
52.03132	3.67003E-5
52.04743	3.6395E-5
52.0616	3.69312E-5
52.07863	3.68851E-5
52.09463	3.72265E-5
52.11226	3.9514E-5
52.12868	4.06848E-5
52.14595	4.20625E-5
52.15918	4.04679E-5
52.17611	3.8315E-5
52.1935	3.67525E-5
52.20958	3.73309E-5
52.22679	3.63689E-5
52.24467	3.52422E-5
52.26132	3.69955E-5
52.27711	3.64191E-5
52.29519	3.56961E-5
52.31234	3.47261E-5
52.32762	3.48185E-5
52.34649	3.58769E-5
52.36135	3.69935E-5
52.37725	3.71662E-5
52.39493	3.69071E-5
52.4119	3.73148E-5
52.42863	3.70056E-5
52.44649	3.81403E-5
52.46227	3.84676E-5
52.47548	3.59371E-5
52.494	3.55114E-5
52.51324	3.61862E-5
52.52873	3.49611E-5
52.54408	3.36617E-5
52.56118	3.45092E-5
52.57923	3.41818E-5
52.59644	3.42983E-5
52.61243	3.84495E-5
52.62966	6.11136E-5
52.64545	7.22137E-5
52.66461	7.2286E-5
52.68084	7.00888E-5
52.69739	6.59316E-5
52.71303	6.30255E-5
52.72999	5.87036E-5
52.74633	5.47974E-5
52.76228	5.21303E-5
52.78012	5.19435E-5
52.79693	5.00858E-5
52.81168	4.74449E-5
52.82895	4.52819E-5
52.8436	4.2902E-5
52.86051	4.21087E-5
52.87594	4.1926E-5
52.8936	4.11508E-5
52.91213	4.0962E-5
52.92693	3.95722E-5
52.94295	3.57062E-5
52.95947	3.40553E-5
52.97644	3.4216E-5
52.99158	3.30291E-5
53.00848	3.30953E-5
53.02371	3.37621E-5
53.04009	3.37119E-5
53.05679	3.23061E-5
53.07305	3.42722E-5
53.0892	3.31094E-5
53.10685	3.29768E-5
53.12243	3.23784E-5
53.13761	3.14385E-5
53.15481	3.29608E-5
53.17175	3.28644E-5
53.18857	3.22297E-5
53.20629	3.40131E-5
53.22227	3.45775E-5
53.24112	3.51278E-5
53.25593	3.38223E-5
53.2719	3.3493E-5
53.28796	3.43244E-5
53.30588	3.33685E-5
53.32283	3.33865E-5
53.34001	3.31435E-5
53.35783	3.46618E-5
53.37053	3.31094E-5
53.38903	3.16714E-5
53.40591	3.19566E-5
53.42457	3.21273E-5
53.43824	3.32098E-5
53.45407	3.31214E-5
53.47081	3.22378E-5
53.48836	3.30953E-5
53.50619	3.38705E-5
53.52426	3.39931E-5
53.53836	3.20892E-5
53.55656	3.16373E-5
53.57347	3.25551E-5
53.58953	3.2539E-5
53.60666	3.29507E-5
53.62117	3.33604E-5
53.63766	3.19225E-5
53.65164	3.29547E-5
53.66895	3.35452E-5
53.68787	3.34809E-5
53.70373	3.26716E-5
53.71877	3.17317E-5
53.73782	3.24768E-5
53.75476	3.2766E-5
53.77343	3.27519E-5
53.78738	3.34769E-5
53.80256	3.32801E-5
53.8192	3.1822E-5
53.83646	3.23663E-5
53.85252	3.16915E-5
53.8712	3.18903E-5
53.88851	3.31556E-5
53.90422	3.24607E-5
53.92143	3.01591E-5
53.93709	3.09565E-5
53.95445	3.08942E-5
53.97264	3.10529E-5
53.98986	3.00346E-5
54.00481	2.96812E-5
54.02025	3.01692E-5
54.03779	3.134E-5
54.05656	3.23603E-5
54.0705	3.28664E-5
54.08754	3.18241E-5
54.10398	3.00065E-5
54.12163	2.92233E-5
54.13653	3.12698E-5
54.15395	3.05166E-5
54.17138	2.90285E-5
54.18742	2.81789E-5
54.20149	2.9153E-5
54.21747	2.95105E-5
54.23292	2.95948E-5
54.25123	2.95687E-5
54.26751	2.86971E-5
54.28722	2.83757E-5
54.30174	2.79821E-5
54.31793	2.90023E-5
54.33299	3.02314E-5
54.35081	3.08661E-5
54.36405	2.86388E-5
54.38206	2.86348E-5
54.39914	2.91469E-5
54.41592	3.0123E-5
54.43237	3.15549E-5
54.44993	3.02776E-5
54.46759	3.12758E-5
54.48238	3.17698E-5
54.49915	3.25932E-5
54.51621	3.24928E-5
54.53428	3.21313E-5
54.55189	3.14545E-5
54.5671	3.11533E-5
54.58594	3.01792E-5
54.6015	3.10388E-5
54.61622	3.0858E-5
54.63217	3.07556E-5
54.64809	2.96932E-5
54.6647	3.13682E-5
54.68221	3.21193E-5
54.69876	3.2535E-5
54.71406	3.12075E-5
54.73159	3.0615E-5
54.74852	3.03781E-5
54.76704	2.98318E-5
54.77999	2.93257E-5
54.79575	3.12497E-5
54.81351	3.07275E-5
54.83141	3.07958E-5
54.84731	3.08982E-5
54.86321	3.03218E-5
54.87967	2.95004E-5
54.89632	2.97314E-5
54.91206	2.98378E-5
54.92931	2.92554E-5
54.94834	3.0133E-5
54.96507	2.9151E-5
54.98104	2.92996E-5
54.99888	2.89903E-5
55.01386	2.8673E-5
55.03185	2.89059E-5
55.04971	2.92614E-5
55.06623	2.84621E-5
55.0824	2.84621E-5
55.09909	2.90586E-5
55.11492	2.81247E-5
55.13107	2.89401E-5
55.14804	2.89421E-5
55.16544	2.98278E-5
55.18052	2.96129E-5
55.1985	2.77913E-5
55.21468	2.85424E-5
55.23039	2.76668E-5
55.24615	2.77973E-5
55.26258	2.85987E-5
55.28097	2.97956E-5
55.29905	2.88156E-5
55.31597	2.95828E-5
55.33112	2.99744E-5
55.34871	2.96571E-5
55.36412	2.83617E-5
55.38104	2.76648E-5
55.39688	2.77873E-5
55.41346	2.71728E-5
55.4289	2.77451E-5
55.44693	2.68253E-5
55.46391	2.70683E-5
55.47994	2.7711E-5
55.49611	2.86609E-5
55.5122	2.82814E-5
55.52997	2.79319E-5
55.5465	2.65703E-5
55.56138	2.554E-5
55.57944	2.57468E-5
55.59509	2.61726E-5
55.61335	2.49877E-5
55.63011	2.56183E-5
55.64812	2.61806E-5
55.66312	2.58071E-5
55.68067	2.55842E-5
55.69597	2.48029E-5
55.71383	2.47889E-5
55.72947	2.49596E-5
55.74633	2.71145E-5
55.7622	2.71788E-5
55.77717	2.64337E-5
55.79489	2.52186E-5
55.81294	2.63634E-5
55.82745	2.59196E-5
55.84252	2.55982E-5
55.86131	2.64698E-5
55.87924	2.64939E-5
55.89498	2.65522E-5
55.91218	2.52588E-5
55.92867	2.58392E-5
55.94284	2.59959E-5
55.96269	2.51263E-5
55.97974	2.50258E-5
55.99633	2.47748E-5
56.01185	2.53371E-5
56.02924	2.51624E-5
56.04486	2.44756E-5
56.06074	2.43751E-5
56.07875	2.47828E-5
56.09633	2.55078E-5
56.11105	2.6269E-5
56.12853	2.61505E-5
56.14405	2.62308E-5
56.16109	2.59597E-5
56.17791	2.61686E-5
56.19385	2.53974E-5
56.21085	2.34955E-5
56.22758	2.22965E-5
56.24483	2.3865E-5
56.26219	2.54998E-5
56.2783	2.41201E-5
56.29662	2.34654E-5
56.31298	2.30014E-5
56.32892	2.2887E-5
56.34498	2.39273E-5
56.36161	2.3616E-5
56.38008	2.32445E-5
56.39688	2.26339E-5
56.41351	2.314E-5
56.42824	2.35316E-5
56.44247	2.4329E-5
56.46251	2.52347E-5
56.47696	2.42044E-5
56.49094	2.45659E-5
56.51066	2.42245E-5
56.52768	2.4339E-5
56.54623	2.40498E-5
56.56309	2.38409E-5
56.57892	2.46704E-5
56.5948	4.10343E-5
56.61211	5.74142E-5
56.62987	6.024E-5
56.64477	5.94065E-5
56.65914	5.57674E-5
56.67636	5.07084E-5
56.69086	4.68705E-5
56.7075	4.44203E-5
56.72796	4.37656E-5
56.74432	4.00843E-5
56.75969	3.77506E-5
56.77486	3.72887E-5
56.79069	3.62062E-5
56.80952	3.47462E-5
56.82529	3.29447E-5
56.8421	3.30933E-5
56.85825	3.25591E-5
56.87488	3.08339E-5
56.89274	2.83958E-5
56.90666	2.37506E-5
56.92255	2.11638E-5
56.93922	2.13325E-5
56.95559	2.04328E-5
56.9719	1.96756E-5
56.98926	1.97741E-5
57.00537	1.96797E-5
57.02305	2.09449E-5
57.03849	2.11578E-5
57.05521	2.16739E-5
57.07342	2.26761E-5
57.0913	2.20977E-5
57.10446	2.27163E-5
57.12077	2.08304E-5
57.13731	2.09831E-5
57.15495	2.11016E-5
57.17216	2.24411E-5
57.18858	2.33328E-5
57.20647	2.15615E-5
57.22224	2.21118E-5
57.24239	2.16679E-5
57.2577	2.27544E-5
57.27081	2.16097E-5
57.28866	2.02199E-5
57.3058	1.92398E-5
57.32363	1.92177E-5
57.3408	1.8555E-5
57.35807	1.86373E-5
57.37356	2.11698E-5
57.38983	2.06055E-5
57.40676	2.04489E-5
57.42231	2.13767E-5
57.43783	2.14269E-5
57.45598	2.23066E-5
57.47266	2.20555E-5
57.48849	1.99648E-5
57.50427	1.88522E-5
57.52158	1.90832E-5
57.53829	2.04007E-5
57.55546	2.14028E-5
57.57164	2.05633E-5
57.58755	1.90711E-5
57.60419	1.86594E-5
57.62064	2.04388E-5
57.63834	2.08967E-5
57.65487	2.0234E-5
57.67169	2.10433E-5
57.689	1.97118E-5
57.70656	1.9993E-5
57.72201	1.87217E-5
57.73762	2.0005E-5
57.75447	2.00592E-5
57.77029	1.93945E-5
57.78537	1.81353E-5
57.80105	1.95672E-5
57.82233	2.1447E-5
57.83681	1.94929E-5
57.85289	1.92981E-5
57.86957	1.78019E-5
57.88763	1.91234E-5
57.90422	1.82276E-5
57.91837	1.90089E-5
57.93628	1.96837E-5
57.95303	1.83702E-5
57.96784	1.72014E-5
57.98697	1.76251E-5
58.00197	1.68439E-5
58.01952	1.69242E-5
58.03376	1.74163E-5
58.05017	1.75569E-5
58.06739	1.76251E-5
58.08324	1.83019E-5
58.10167	1.86634E-5
58.11912	1.90591E-5
58.13757	1.79846E-5
58.15505	1.8796E-5
58.17046	1.74102E-5
58.18733	1.83441E-5
58.20395	1.81895E-5
58.21895	1.88E-5
58.2357	1.81694E-5
58.25284	1.65748E-5
58.26732	1.77336E-5
58.2859	1.79545E-5
58.3033	1.75328E-5
58.31924	1.73339E-5
58.33725	1.72154E-5
58.35281	1.77296E-5
58.36805	1.77758E-5
58.38435	1.84626E-5
58.39991	1.91836E-5
58.41812	2.00853E-5
58.43444	1.87739E-5
58.4527	1.91294E-5
58.46779	1.94126E-5
58.48307	1.87478E-5
58.50059	1.74303E-5
58.51842	1.65949E-5
58.53502	1.67937E-5
58.55144	1.6872E-5
58.56744	1.72636E-5
58.5837	1.80469E-5
58.60094	1.97359E-5
58.61589	2.0714E-5
58.63195	1.92519E-5
58.6494	1.82879E-5
58.66623	1.65667E-5
58.68264	1.62856E-5
58.69853	1.60506E-5
58.71638	1.55505E-5
58.73206	1.62073E-5
58.74919	1.78159E-5
58.7669	1.85711E-5
58.78215	1.67917E-5
58.79822	1.61711E-5
58.81509	1.69644E-5
58.8339	1.735E-5
58.84896	1.72134E-5
58.86496	1.61109E-5
58.88307	1.52553E-5
58.89882	1.63438E-5
58.91372	1.55827E-5
58.93	1.64864E-5
58.9478	1.8316E-5
58.96504	1.72897E-5
58.98355	1.65567E-5
59.00192	1.60868E-5
59.01824	1.66411E-5
59.03503	1.74123E-5
59.04802	1.65105E-5
59.06619	1.63257E-5
59.08448	1.58799E-5
59.10026	1.56871E-5
59.11798	1.6141E-5
59.13228	1.68821E-5
59.1492	1.60245E-5
59.16616	1.66109E-5
59.18208	1.53638E-5
59.19961	1.5432E-5
59.21702	1.58678E-5
59.23144	1.50926E-5
59.25065	1.49601E-5
59.26514	1.47914E-5
59.28234	1.45162E-5
59.29948	1.54099E-5
59.31628	1.63739E-5
59.33271	1.72054E-5
59.34804	1.6157E-5
59.36573	1.55907E-5
59.3803	1.55264E-5
59.39532	1.46669E-5
59.41172	1.61691E-5
59.43041	1.82176E-5
59.44697	1.83582E-5
59.46488	1.7107E-5
59.4813	1.50665E-5
59.49989	1.47552E-5
59.51351	1.46146E-5
59.52911	1.54059E-5
59.54462	1.56128E-5
59.56112	1.57253E-5
59.5802	1.69503E-5
59.59732	1.52794E-5
59.61191	1.60285E-5
59.6279	1.5655E-5
59.64492	1.61912E-5
59.66322	1.53638E-5
59.6782	1.41869E-5
59.69522	1.5191E-5
59.71212	1.47592E-5
59.72728	1.51569E-5
59.74188	1.47311E-5
59.76035	1.53959E-5
59.77831	1.43094E-5
59.79484	1.40081E-5
59.8105	1.5914E-5
59.82764	1.42572E-5
59.84383	1.38113E-5
59.85947	1.43455E-5
59.87573	1.3022E-5
59.89328	1.36707E-5
59.91029	1.50766E-5
59.9273	1.57735E-5
59.94052	1.65467E-5
59.95804	1.7591E-5
59.97718	1.60526E-5
59.99222	1.50223E-5
