temp	cp
5.67643	-6.47327E-4
5.69333	-6.46303E-4
5.71265	-6.4591E-4
5.72845	-6.44192E-4
5.74504	-6.4529E-4
5.76094	-6.45009E-4
5.77628	-6.44866E-4
5.79453	-6.45671E-4
5.80929	-6.43993E-4
5.8268	-6.41911E-4
5.84494	-6.42182E-4
5.8595	-6.41789E-4
5.8776	-6.42869E-4
5.89332	-6.4333E-4
5.9099	-6.42833E-4
5.92819	-6.41542E-4
5.94291	-6.44099E-4
5.96076	-6.4265E-4
5.97713	-6.4325E-4
5.99403	-6.43467E-4
6.01036	-6.42415E-4
6.02487	-6.42708E-4
6.04106	-6.43782E-4
6.06079	-6.44067E-4
6.07479	-6.42981E-4
6.09094	-6.42712E-4
6.10939	-6.421E-4
6.12545	-6.41845E-4
6.14233	-6.43013E-4
6.15985	-6.43846E-4
6.17351	-6.44433E-4
6.19292	-6.42594E-4
6.20888	-6.41349E-4
6.2254	-6.42485E-4
6.24195	-6.42791E-4
6.25923	-6.42471E-4
6.27467	-6.42652E-4
6.29122	-6.41829E-4
6.30573	-6.41417E-4
6.32342	-6.4142E-4
6.34139	-6.41707E-4
6.35653	-6.41458E-4
6.37439	-6.41785E-4
6.39109	-6.41052E-4
6.40809	-6.40498E-4
6.4244	-6.40534E-4
6.44034	-6.40404E-4
6.45692	-6.38405E-4
6.47471	-6.37636E-4
6.48906	-6.3829E-4
6.50758	-6.39043E-4
6.5238	-6.39703E-4
6.53996	-6.38376E-4
6.55799	-6.36221E-4
6.57582	-6.3717E-4
6.58971	-6.38176E-4
6.60573	-6.3939E-4
6.62364	-6.40488E-4
6.64198	-6.39135E-4
6.65807	-6.37383E-4
6.67491	-6.37949E-4
6.68999	-6.38103E-4
6.70591	-6.38425E-4
6.72322	-6.38274E-4
6.73978	-6.37945E-4
6.75781	-6.37214E-4
6.77554	-6.37467E-4
6.791	-6.36293E-4
6.80704	-6.35544E-4
6.82198	-6.36389E-4
6.83975	-6.37146E-4
6.85465	-6.38411E-4
6.87034	-6.38888E-4
6.88949	-6.37754E-4
6.90531	-6.38065E-4
6.92014	-6.39386E-4
6.93827	-6.37369E-4
6.95659	-6.3606E-4
6.97133	-6.35743E-4
6.98898	-6.36245E-4
7.00593	-6.35819E-4
7.02126	-6.35616E-4
7.03741	-6.35008E-4
7.05593	-6.3508E-4
7.07176	-6.36405E-4
7.08842	-6.36044E-4
7.10586	-6.34996E-4
7.12217	-6.33886E-4
7.13567	-6.34635E-4
7.15264	-6.36317E-4
7.1699	-6.36281E-4
7.18835	-6.36062E-4
7.20474	-6.37409E-4
7.22114	-6.35843E-4
7.23559	-6.35243E-4
7.25334	-6.34827E-4
7.27221	-6.35729E-4
7.28681	-6.36194E-4
7.30238	-6.34605E-4
7.32276	-6.33848E-4
7.33888	-6.33013E-4
7.35158	-6.33563E-4
7.36953	-6.35315E-4
7.38942	-6.32599E-4
7.40563	-6.32517E-4
7.42169	-6.33695E-4
7.43715	-6.34067E-4
7.45473	-6.34486E-4
7.47111	-6.33908E-4
7.48805	-6.33013E-4
7.50451	-6.33462E-4
7.52135	-6.32597E-4
7.53867	-6.32856E-4
7.55622	-6.32629E-4
7.57363	-6.3231E-4
7.5901	-6.33292E-4
7.60526	-6.32945E-4
7.62235	-6.34043E-4
7.63931	-6.33872E-4
7.65526	-6.33051E-4
7.67221	-6.33436E-4
7.69071	-6.31305E-4
7.70465	-6.29835E-4
7.72198	-6.30215E-4
7.74046	-6.31156E-4
7.75747	-6.30977E-4
7.77206	-6.31373E-4
7.78763	-6.31493E-4
7.80421	-6.30508E-4
7.8212	-6.29723E-4
7.83812	-6.29897E-4
7.85349	-6.31363E-4
7.87067	-6.31016E-4
7.8891	-6.30947E-4
7.90629	-6.30211E-4
7.92241	-6.30706E-4
7.93813	-6.30464E-4
7.95544	-6.30419E-4
7.97313	-6.3069E-4
7.98818	-6.30614E-4
8.00565	-6.31072E-4
8.02131	-6.3128E-4
8.03809	-6.3003E-4
8.05453	-6.2909E-4
8.06932	-6.28811E-4
8.08604	-6.29428E-4
8.10386	-6.29777E-4
8.11902	-6.29606E-4
8.13919	-6.29552E-4
8.15427	-6.28085E-4
8.16985	-6.28103E-4
8.18697	-6.2832E-4
8.20241	-6.29526E-4
8.22012	-6.30076E-4
8.23665	-6.2795E-4
8.25528	-6.2686E-4
8.27127	-6.26521E-4
8.28962	-6.27878E-4
8.30626	-6.28211E-4
8.32352	-6.26854E-4
8.34036	-6.28047E-4
8.35713	-6.27894E-4
8.36946	-6.2794E-4
8.38616	-6.27816E-4
8.40445	-6.27467E-4
8.42054	-6.26985E-4
8.43588	-6.26447E-4
8.45512	-6.24977E-4
8.47298	-6.24833E-4
8.48759	-6.24646E-4
8.50531	-6.25279E-4
8.52069	-6.25473E-4
8.53781	-6.25517E-4
8.55599	-6.25445E-4
8.57289	-6.25158E-4
8.58847	-6.24199E-4
8.60656	-6.23653E-4
8.62447	-6.2459E-4
8.63996	-6.25238E-4
8.65378	-6.25672E-4
8.67193	-6.25287E-4
8.68954	-6.2501E-4
8.70813	-6.25419E-4
8.7235	-6.24658E-4
8.7381	-6.24735E-4
8.75497	-6.26162E-4
8.77226	-6.25736E-4
8.78963	-6.25287E-4
8.80514	-6.24371E-4
8.82144	-6.23894E-4
8.83568	-6.23522E-4
8.85281	-6.24046E-4
8.86952	-6.24915E-4
8.88519	-6.24582E-4
8.90377	-6.23779E-4
8.91917	-6.22701E-4
8.93672	-6.23956E-4
8.95266	-6.24588E-4
8.96723	-6.24116E-4
8.9872	-6.22045E-4
9.00311	-6.214E-4
9.01913	-6.2025E-4
9.03461	-6.21461E-4
9.05019	-6.21981E-4
9.06563	-6.20587E-4
9.08196	-6.20616E-4
9.09981	-6.1962E-4
9.11585	-6.20033E-4
9.13264	-6.20792E-4
9.15202	-6.20806E-4
9.16719	-6.20527E-4
9.18418	-6.19363E-4
9.19884	-6.19915E-4
9.21635	-6.18715E-4
9.23421	-6.18337E-4
9.25433	-6.19112E-4
9.26837	-6.18267E-4
9.28468	-6.18564E-4
9.30404	-6.19536E-4
9.32176	-6.20397E-4
9.33889	-6.21479E-4
9.35341	-6.20752E-4
9.36822	-6.20734E-4
9.38632	-6.18883E-4
9.40148	-6.18574E-4
9.4179	-6.17312E-4
9.43568	-6.16155E-4
9.45239	-6.17101E-4
9.46843	-6.17693E-4
9.48552	-6.17548E-4
9.50253	-6.17101E-4
9.51847	-6.17902E-4
9.53246	-6.18674E-4
9.54989	-6.17022E-4
9.56607	-6.16663E-4
9.58189	-6.16495E-4
9.59929	-6.16677E-4
9.61683	-6.16721E-4
9.63336	-6.17191E-4
9.64946	-6.15663E-4
9.66536	-6.14842E-4
9.68448	-6.14258E-4
9.7003	-6.1464E-4
9.71528	-6.15206E-4
9.73095	-6.14905E-4
9.74723	-6.14351E-4
9.76265	-6.14256E-4
9.78061	-6.15766E-4
9.7986	-6.16045E-4
9.81716	-6.15836E-4
9.83316	-6.14704E-4
9.84972	-6.12855E-4
9.86626	-6.13532E-4
9.88339	-6.14357E-4
9.89997	-6.15882E-4
9.91568	-6.14963E-4
9.93173	-6.13174E-4
9.94805	-6.13353E-4
9.96389	-6.14949E-4
9.98056	-6.14058E-4
10.00086	-6.12859E-4
10.01639	-6.12052E-4
10.03343	-6.11548E-4
10.05079	-6.10916E-4
10.06573	-6.11998E-4
10.08192	-6.11532E-4
10.09776	-6.11181E-4
10.11478	-6.10627E-4
10.12993	-6.10404E-4
10.14713	-6.1095E-4
10.1613	-6.10954E-4
10.17772	-6.10465E-4
10.19553	-6.09276E-4
10.21343	-6.07674E-4
10.22895	-6.07488E-4
10.24676	-6.07211E-4
10.26428	-6.06825E-4
10.28081	-6.07783E-4
10.2991	-6.06165E-4
10.31486	-6.07341E-4
10.33246	-6.06645E-4
10.34707	-6.05735E-4
10.36473	-6.07193E-4
10.38028	-6.07096E-4
10.39835	-6.05549E-4
10.41224	-6.0486E-4
10.43172	-6.04123E-4
10.44754	-6.04541E-4
10.4649	-6.05039E-4
10.48147	-6.05031E-4
10.49609	-6.04617E-4
10.51156	-6.05657E-4
10.53193	-6.0533E-4
10.54668	-6.05442E-4
10.56314	-6.05591E-4
10.57867	-6.05416E-4
10.59465	-6.043E-4
10.6132	-6.04685E-4
10.62947	-6.03756E-4
10.64909	-6.01448E-4
10.66322	-6.02088E-4
10.67891	-6.01102E-4
10.69568	-6.00944E-4
10.71225	-6.01474E-4
10.72885	-6.01241E-4
10.74344	-6.00958E-4
10.76033	-6.0094E-4
10.77705	-6.00303E-4
10.7928	-6.01899E-4
10.81007	-6.01755E-4
10.82833	-6.01028E-4
10.84428	-5.99438E-4
10.86086	-5.98665E-4
10.88017	-5.98965E-4
10.89673	-5.99187E-4
10.91267	-5.99474E-4
10.9294	-6.00055E-4
10.94523	-5.98463E-4
10.96223	-5.97509E-4
10.97912	-5.97194E-4
10.99607	-5.96076E-4
11.01218	-5.97495E-4
11.02898	-5.98892E-4
11.04265	-5.97148E-4
11.05965	-5.96146E-4
11.0771	-5.98168E-4
11.09385	-5.96975E-4
11.11156	-5.96516E-4
11.12929	-5.95277E-4
11.14431	-5.95054E-4
11.15972	-5.93378E-4
11.17693	-5.94398E-4
11.19466	-5.95303E-4
11.21065	-5.94605E-4
11.22683	-5.94864E-4
11.24481	-5.93276E-4
11.26211	-5.91929E-4
11.27613	-5.9167E-4
11.29475	-5.91818E-4
11.3111	-5.9056E-4
11.3288	-5.89693E-4
11.34554	-5.9005E-4
11.36072	-5.90536E-4
11.37715	-5.89757E-4
11.39663	-5.89673E-4
11.41152	-5.88581E-4
11.42796	-5.89207E-4
11.44438	-5.88695E-4
11.46168	-5.88771E-4
11.48014	-5.88259E-4
11.49593	-5.87015E-4
11.51184	-5.8614E-4
11.52554	-5.86463E-4
11.54443	-5.86288E-4
11.56184	-5.84737E-4
11.57719	-5.84867E-4
11.59442	-5.8399E-4
11.61121	-5.82593E-4
11.62728	-5.82757E-4
11.64402	-5.81714E-4
11.66058	-5.81266E-4
11.67612	-5.81726E-4
11.69186	-5.82033E-4
11.70766	-5.82761E-4
11.72572	-5.81527E-4
11.74394	-5.80907E-4
11.76092	-5.78859E-4
11.77759	-5.8021E-4
11.79131	-5.78141E-4
11.81105	-5.77303E-4
11.8267	-5.78885E-4
11.8433	-5.78809E-4
11.85953	-5.78494E-4
11.87632	-5.77237E-4
11.8937	-5.7592E-4
11.91074	-5.75764E-4
11.92663	-5.7482E-4
11.94369	-5.74766E-4
11.95919	-5.74307E-4
11.975	-5.7299E-4
11.99388	-5.7149E-4
12.0088	-5.71882E-4
12.02496	-5.71952E-4
12.04324	-5.7242E-4
12.05793	-5.70677E-4
12.07416	-5.69489E-4
12.09326	-5.68248E-4
12.10985	-5.66283E-4
12.12705	-5.65809E-4
12.14635	-5.66735E-4
12.16296	-5.676E-4
12.17717	-5.67411E-4
12.19488	-5.66462E-4
12.21082	-5.65663E-4
12.2265	-5.66209E-4
12.24452	-5.65547E-4
12.26043	-5.65625E-4
12.27783	-5.64523E-4
12.2956	-5.63467E-4
12.31172	-5.63373E-4
12.32956	-5.61696E-4
12.34343	-5.60763E-4
12.36019	-5.60044E-4
12.375	-5.59382E-4
12.39222	-5.58784E-4
12.41137	-5.59984E-4
12.42735	-5.59143E-4
12.44194	-5.58483E-4
12.46019	-5.57818E-4
12.47689	-5.56469E-4
12.49389	-5.55681E-4
12.51238	-5.54771E-4
12.52925	-5.54261E-4
12.54184	-5.52772E-4
12.56016	-5.51295E-4
12.5789	-5.50118E-4
12.59367	-5.50199E-4
12.61084	-5.50618E-4
12.6249	-5.49879E-4
12.64322	-5.47452E-4
12.65828	-5.4576E-4
12.67729	-5.45116E-4
12.69205	-5.43552E-4
12.70708	-5.45383E-4
12.72528	-5.4394E-4
12.74389	-5.43089E-4
12.76056	-5.42649E-4
12.77761	-5.41033E-4
12.79138	-5.4028E-4
12.80798	-5.37882E-4
12.82597	-5.38116E-4
12.84227	-5.36844E-4
12.85948	-5.33664E-4
12.87438	-5.32476E-4
12.89007	-5.32024E-4
12.90672	-5.304E-4
12.9249	-5.29128E-4
12.94303	-5.30202E-4
12.95903	-5.29216E-4
12.97385	-5.27969E-4
12.99144	-5.2767E-4
13.00697	-5.25968E-4
13.02505	-5.24705E-4
13.04274	-5.23332E-4
13.05829	-5.23905E-4
13.07541	-5.22644E-4
13.09554	-5.21347E-4
13.10948	-5.1946E-4
13.12557	-5.18433E-4
13.14457	-5.17624E-4
13.1603	-5.16578E-4
13.17578	-5.14635E-4
13.19246	-5.13784E-4
13.20963	-5.12641E-4
13.22702	-5.10301E-4
13.24407	-5.09448E-4
13.26064	-5.07906E-4
13.27599	-5.06421E-4
13.29294	-5.05012E-4
13.30894	-5.0509E-4
13.32546	-5.03685E-4
13.34016	-5.00824E-4
13.35921	-4.99776E-4
13.37796	-4.97835E-4
13.39213	-4.97057E-4
13.40795	-4.96484E-4
13.42447	-4.93361E-4
13.44026	-4.92219E-4
13.4587	-4.89951E-4
13.4736	-4.90051E-4
13.49113	-4.88403E-4
13.50857	-4.85821E-4
13.52524	-4.84848E-4
13.53987	-4.82566E-4
13.55581	-4.8166E-4
13.57433	-4.80586E-4
13.59109	-4.78023E-4
13.60856	-4.7652E-4
13.62467	-4.74595E-4
13.63897	-4.74938E-4
13.65603	-4.7229E-4
13.67347	-4.6958E-4
13.69076	-4.69705E-4
13.70745	-4.69181E-4
13.72382	-4.64959E-4
13.74215	-4.62253E-4
13.75835	-4.59973E-4
13.7731	-4.59622E-4
13.78914	-4.5746E-4
13.80898	-4.55328E-4
13.82399	-4.54367E-4
13.84016	-4.53028E-4
13.85803	-4.50778E-4
13.87382	-4.48871E-4
13.88941	-4.47937E-4
13.90643	-4.44711E-4
13.92336	-4.41566E-4
13.93876	-4.38394E-4
13.95389	-4.37122E-4
13.97103	-4.35867E-4
13.98786	-4.35558E-4
14.00418	-4.31973E-4
14.01967	-4.28633E-4
14.0334	-4.25343E-4
14.05073	-4.24102E-4
14.06552	-4.22185E-4
14.08348	-4.17888E-4
14.102	-4.16476E-4
14.11955	-4.1426E-4
14.13658	-4.11976E-4
14.15335	-4.10527E-4
14.16995	-4.08168E-4
14.18615	-4.07072E-4
14.20292	-4.03427E-4
14.21861	-4.00645E-4
14.23523	-3.98029E-4
14.25237	-3.9614E-4
14.26797	-3.92651E-4
14.28612	-3.89424E-4
14.30269	-3.85824E-4
14.31909	-3.8349E-4
14.33465	-3.81918E-4
14.35116	-3.80244E-4
14.36848	-3.7802E-4
14.38611	-3.74724E-4
14.4019	-3.72815E-4
14.41903	-3.70822E-4
14.43532	-3.68106E-4
14.45165	-3.6501E-4
14.4678	-3.61714E-4
14.4852	-3.58167E-4
14.50132	-3.56664E-4
14.51818	-3.53591E-4
14.53301	-3.49956E-4
14.54924	-3.48171E-4
14.56661	-3.4512E-4
14.58374	-3.42474E-4
14.6017	-3.41695E-4
14.6184	-3.40029E-4
14.63337	-3.37109E-4
14.6509	-3.33965E-4
14.66584	-3.30938E-4
14.68475	-3.2656E-4
14.70131	-3.26233E-4
14.71747	-3.2425E-4
14.73337	-3.21178E-4
14.74922	-3.18978E-4
14.76618	-3.14544E-4
14.78287	-3.12619E-4
14.79858	-3.10066E-4
14.81439	-3.09927E-4
14.83071	-3.091E-4
14.84753	-3.06138E-4
14.86395	-3.02743E-4
14.87975	-3.00455E-4
14.89792	-2.99584E-4
14.91471	-2.97105E-4
14.93116	-2.97119E-4
14.94861	-2.93931E-4
14.96357	-2.93251E-4
14.98046	-2.91902E-4
14.99565	-2.89712E-4
15.01388	-2.86745E-4
15.03069	-2.85117E-4
15.04515	-2.83762E-4
15.06079	-2.81182E-4
15.08059	-2.80653E-4
15.09684	-2.79538E-4
15.11434	-2.77168E-4
15.13115	-2.77106E-4
15.14713	-2.77617E-4
15.16332	-2.75951E-4
15.17989	-2.75602E-4
15.19665	-2.75102E-4
15.21449	-2.74091E-4
15.23106	-2.738E-4
15.24676	-2.73547E-4
15.26449	-2.73866E-4
15.28023	-2.73484E-4
15.29568	-2.73422E-4
15.31345	-2.722E-4
15.33083	-2.73896E-4
15.34646	-2.74151E-4
15.3634	-2.74101E-4
15.37929	-2.74263E-4
15.39438	-2.75072E-4
15.40977	-2.76335E-4
15.42944	-2.7952E-4
15.44706	-2.79037E-4
15.46389	-2.78928E-4
15.47879	-2.79647E-4
15.49668	-2.79944E-4
15.5138	-2.8105E-4
15.53141	-2.84264E-4
15.54751	-2.87004E-4
15.56319	-2.88284E-4
15.5797	-2.88913E-4
15.59437	-2.89694E-4
15.6122	-2.91916E-4
15.62925	-2.92227E-4
15.64532	-2.93957E-4
15.66062	-2.9532E-4
15.67879	-2.98321E-4
15.69535	-3.01053E-4
15.70968	-3.03277E-4
15.72988	-3.06059E-4
15.74632	-3.06481E-4
15.76061	-3.10214E-4
15.77787	-3.10967E-4
15.79378	-3.13322E-4
15.81118	-3.16532E-4
15.82759	-3.18916E-4
15.84315	-3.21413E-4
15.86109	-3.24137E-4
15.87815	-3.26775E-4
15.89474	-3.30342E-4
15.90983	-3.32508E-4
15.92819	-3.34401E-4
15.94549	-3.36816E-4
15.96173	-3.4072E-4
15.97765	-3.40601E-4
15.9939	-3.43703E-4
16.01256	-3.47862E-4
16.03062	-3.49387E-4
16.04589	-3.52352E-4
16.06118	-3.55167E-4
16.07832	-3.56315E-4
16.0935	-3.59559E-4
16.11153	-3.61765E-4
16.12786	-3.64966E-4
16.14519	-3.69234E-4
16.16142	-3.71687E-4
16.18001	-3.74385E-4
16.19644	-3.76996E-4
16.21221	-3.79038E-4
16.23008	-3.82195E-4
16.24584	-3.85491E-4
16.26397	-3.86449E-4
16.28148	-3.88526E-4
16.29848	-3.92822E-4
16.3133	-3.9433E-4
16.32964	-3.98386E-4
16.34588	-4.00749E-4
16.36456	-4.02108E-4
16.38016	-4.05021E-4
16.3947	-4.06946E-4
16.41079	-4.09752E-4
16.4298	-4.11075E-4
16.44486	-4.15445E-4
16.46273	-4.16711E-4
16.47981	-4.20156E-4
16.4954	-4.21808E-4
16.51237	-4.2507E-4
16.52933	-4.26979E-4
16.54494	-4.29315E-4
16.56286	-4.31674E-4
16.58037	-4.33992E-4
16.59475	-4.38471E-4
16.61261	-4.40388E-4
16.62831	-4.40809E-4
16.64687	-4.43836E-4
16.66275	-4.43493E-4
16.67783	-4.46227E-4
16.69594	-4.50029E-4
16.71366	-4.49503E-4
16.72862	-4.51739E-4
16.74621	-4.53973E-4
16.76298	-4.58257E-4
16.77855	-4.60642E-4
16.79607	-4.60086E-4
16.81142	-4.6248E-4
16.82661	-4.65497E-4
16.84404	-4.68492E-4
16.86092	-4.70002E-4
16.87726	-4.71832E-4
16.89406	-4.72441E-4
16.91249	-4.73653E-4
16.92704	-4.74719E-4
16.9454	-4.77963E-4
16.96033	-4.79424E-4
16.9768	-4.81267E-4
16.99553	-4.82736E-4
17.0126	-4.84232E-4
17.02973	-4.85374E-4
17.04432	-4.87269E-4
17.06148	-4.89668E-4
17.07846	-4.91504E-4
17.09632	-4.9312E-4
17.11179	-4.93427E-4
17.12714	-4.9628E-4
17.14283	-4.96486E-4
17.16168	-4.96755E-4
17.17707	-4.97129E-4
17.19252	-4.98785E-4
17.20949	-5.01141E-4
17.22572	-5.02615E-4
17.24269	-5.01671E-4
17.25979	-5.02996E-4
17.27719	-5.0634E-4
17.29241	-5.09104E-4
17.31006	-5.09247E-4
17.32609	-5.09534E-4
17.34056	-5.101E-4
17.35955	-5.09821E-4
17.37543	-5.11405E-4
17.39225	-5.13723E-4
17.40926	-5.13784E-4
17.42725	-5.12788E-4
17.44262	-5.14376E-4
17.45856	-5.15327E-4
17.47418	-5.17015E-4
17.49225	-5.16144E-4
17.50877	-5.15851E-4
17.52631	-5.17728E-4
17.54168	-5.19508E-4
17.55708	-5.21209E-4
17.57612	-5.21558E-4
17.59257	-5.2167E-4
17.60763	-5.21542E-4
17.62421	-5.21532E-4
17.64096	-5.22495E-4
17.65733	-5.23057E-4
17.67559	-5.2429E-4
17.69206	-5.23694E-4
17.70836	-5.23174E-4
17.72391	-5.23543E-4
17.74007	-5.25635E-4
17.7565	-5.26257E-4
17.77441	-5.24653E-4
17.79202	-5.25119E-4
17.80775	-5.27142E-4
17.82283	-5.27267E-4
17.84155	-5.26807E-4
17.85763	-5.27092E-4
17.87487	-5.26797E-4
17.88923	-5.26343E-4
17.90672	-5.2709E-4
17.92121	-5.2757E-4
17.93678	-5.26996E-4
17.95511	-5.2752E-4
17.97044	-5.2653E-4
17.9875	-5.26966E-4
18.00529	-5.27289E-4
18.02309	-5.27106E-4
18.03839	-5.26819E-4
18.05554	-5.27064E-4
18.07101	-5.26376E-4
18.08913	-5.28142E-4
18.10432	-5.25538E-4
18.11961	-5.26398E-4
18.13754	-5.25846E-4
18.15626	-5.26398E-4
18.17408	-5.27761E-4
18.18981	-5.27793E-4
18.20476	-5.27476E-4
18.22137	-5.28441E-4
18.23957	-5.27186E-4
18.25597	-5.27953E-4
18.27329	-5.26924E-4
18.29164	-5.25536E-4
18.30607	-5.26761E-4
18.32287	-5.27026E-4
18.33953	-5.27927E-4
18.35486	-5.27562E-4
18.37297	-5.26885E-4
18.39083	-5.27006E-4
18.40745	-5.26219E-4
18.42092	-5.25846E-4
18.43676	-5.26512E-4
18.4542	-5.24966E-4
18.47081	-5.23457E-4
18.48773	-5.23306E-4
18.50432	-5.24465E-4
18.52138	-5.25677E-4
18.53661	-5.25249E-4
18.55501	-5.25494E-4
18.5711	-5.24541E-4
18.58931	-5.24547E-4
18.60613	-5.25328E-4
18.6204	-5.24621E-4
18.63796	-5.24019E-4
18.65447	-5.24573E-4
18.67046	-5.23557E-4
18.6902	-5.23092E-4
18.70577	-5.23467E-4
18.72342	-5.22688E-4
18.73921	-5.21058E-4
18.75394	-5.22166E-4
18.77091	-5.23543E-4
18.78948	-5.2375E-4
18.80323	-5.22104E-4
18.82272	-5.2166E-4
18.84011	-5.20825E-4
18.85631	-5.21578E-4
18.87119	-5.21389E-4
18.88717	-5.21084E-4
18.90386	-5.19448E-4
18.92141	-5.20257E-4
18.93751	-5.19302E-4
18.95402	-5.19679E-4
18.97059	-5.19071E-4
18.98771	-5.19757E-4
19.00535	-5.2099E-4
19.02251	-5.21831E-4
19.03675	-5.20199E-4
19.05167	-5.18818E-4
19.06947	-5.19013E-4
19.08684	-5.18573E-4
19.1047	-5.1783E-4
19.1205	-5.18934E-4
19.1368	-5.1871E-4
19.15243	-5.18414E-4
19.17099	-5.17999E-4
19.18697	-5.17875E-4
19.20241	-5.17353E-4
19.22018	-5.17369E-4
19.23685	-5.17535E-4
19.25294	-5.16781E-4
19.27033	-5.15357E-4
19.28494	-5.14833E-4
19.30352	-5.1439E-4
19.32157	-5.13838E-4
19.33833	-5.13147E-4
19.35242	-5.13521E-4
19.37155	-5.12477E-4
19.38641	-5.13053E-4
19.40143	-5.12517E-4
19.41861	-5.13189E-4
19.43563	-5.11515E-4
19.45148	-5.12836E-4
19.46911	-5.13262E-4
19.48391	-5.13127E-4
19.50073	-5.12655E-4
19.51705	-5.1168E-4
19.5362	-5.12314E-4
19.5551	-5.11531E-4
19.56943	-5.10574E-4
19.58676	-5.10801E-4
19.6019	-5.09699E-4
19.61833	-5.08693E-4
19.63634	-5.08522E-4
19.65513	-5.09223E-4
19.67116	-5.09982E-4
19.6848	-5.07808E-4
19.70082	-5.08998E-4
19.71839	-5.08827E-4
19.73761	-5.08761E-4
19.7533	-5.08492E-4
19.76728	-5.08731E-4
19.78506	-5.08599E-4
19.80263	-5.08874E-4
19.82021	-5.08892E-4
19.83635	-5.07876E-4
19.85283	-5.07446E-4
19.86861	-5.08006E-4
19.88628	-5.07408E-4
19.904	-5.07388E-4
19.92081	-5.06533E-4
19.93848	-5.06449E-4
19.95497	-5.05971E-4
19.97203	-5.05682E-4
19.98534	-5.06047E-4
20.00379	-5.06228E-4
20.02001	-5.05401E-4
20.03724	-5.06122E-4
20.053	-5.0392E-4
20.06997	-5.02998E-4
20.08561	-5.02757E-4
20.10192	-5.0184E-4
20.11761	-5.01314E-4
20.13524	-5.0198E-4
20.153	-5.01426E-4
20.1709	-5.01139E-4
20.1857	-5.02037E-4
20.20404	-5.01774E-4
20.21812	-5.01826E-4
20.23573	-5.02007E-4
20.25276	-5.02394E-4
20.26773	-5.02458E-4
20.28647	-5.00509E-4
20.30213	-5.00812E-4
20.31876	-5.0193E-4
20.33463	-5.01533E-4
20.352	-5.01366E-4
20.36689	-5.00668E-4
20.38457	-5.01013E-4
20.40404	-4.99487E-4
20.41834	-4.99903E-4
20.43594	-5.00218E-4
20.45158	-4.99343E-4
20.46757	-4.98399E-4
20.48513	-4.98688E-4
20.4989	-4.96912E-4
20.51678	-4.98446E-4
20.53692	-4.97962E-4
20.55237	-4.98076E-4
20.56577	-4.9679E-4
20.58362	-4.96292E-4
20.59896	-4.95332E-4
20.61607	-4.94883E-4
20.63509	-4.96161E-4
20.65237	-4.94913E-4
20.6684	-4.95991E-4
20.6857	-4.96601E-4
20.70152	-4.95045E-4
20.71655	-4.94776E-4
20.73424	-4.93534E-4
20.74868	-4.92319E-4
20.76518	-4.92137E-4
20.78228	-4.90972E-4
20.80041	-4.89912E-4
20.81655	-4.9029E-4
20.83181	-4.90276E-4
20.84676	-4.89545E-4
20.86439	-4.90348E-4
20.88276	-4.88891E-4
20.89817	-4.88734E-4
20.91515	-4.88511E-4
20.932	-4.89079E-4
20.94933	-4.89481E-4
20.96533	-4.88134E-4
20.98458	-4.8808E-4
21	-4.87518E-4
21.01516	-4.87468E-4
21.03283	-4.88349E-4
21.04945	-4.87726E-4
21.0645	-4.87488E-4
21.07904	-4.87307E-4
21.09718	-4.85362E-4
21.1143	-4.86185E-4
21.13136	-4.87012E-4
21.14847	-4.86426E-4
21.16316	-4.86241E-4
21.18088	-4.84872E-4
21.19721	-4.84037E-4
21.21277	-4.84364E-4
21.22924	-4.82453E-4
21.24848	-4.8218E-4
21.26342	-4.81464E-4
21.27969	-4.82574E-4
21.29671	-4.8171E-4
21.31361	-4.8091E-4
21.32958	-4.80129E-4
21.34712	-4.80121E-4
21.36337	-4.79523E-4
21.38214	-4.77694E-4
21.39682	-4.76967E-4
21.41166	-4.77969E-4
21.42832	-4.78156E-4
21.44342	-4.78601E-4
21.46343	-4.79304E-4
21.47864	-4.79621E-4
21.49588	-4.7999E-4
21.51227	-4.80885E-4
21.52989	-4.80813E-4
21.54504	-4.7938E-4
21.56365	-4.78013E-4
21.58029	-4.77608E-4
21.59691	-4.78075E-4
21.61367	-4.76305E-4
21.63004	-4.74749E-4
21.64643	-4.75721E-4
21.66579	-4.7559E-4
21.68033	-4.76146E-4
21.6947	-4.74944E-4
21.71421	-4.75078E-4
21.72919	-4.75251E-4
21.74581	-4.74769E-4
21.76421	-4.75096E-4
21.77889	-4.75709E-4
21.79463	-4.73667E-4
21.81241	-4.71154E-4
21.82825	-4.71349E-4
21.84422	-4.73007E-4
21.86193	-4.70608E-4
21.87743	-4.71602E-4
21.89394	-4.70287E-4
21.91101	-4.70449E-4
21.92631	-4.69088E-4
21.94381	-4.68109E-4
21.96138	-4.66057E-4
21.97623	-4.66116E-4
21.99459	-4.67479E-4
22.0127	-4.66144E-4
22.02831	-4.65756E-4
22.04402	-4.65572E-4
22.06007	-4.65198E-4
22.07755	-4.64164E-4
22.09529	-4.64779E-4
22.10854	-4.65353E-4
22.12665	-4.65624E-4
22.14268	-4.65361E-4
22.15746	-4.64845E-4
22.17549	-4.64405E-4
22.19301	-4.63283E-4
22.21019	-4.62266E-4
22.22725	-4.61543E-4
22.24391	-4.60949E-4
22.26292	-4.60132E-4
22.27857	-4.60182E-4
22.2921	-4.58925E-4
22.31021	-4.59813E-4
22.32656	-4.61027E-4
22.34463	-4.60316E-4
22.35874	-4.59907E-4
22.37729	-4.60039E-4
22.39277	-4.59234E-4
22.40958	-4.58088E-4
22.42737	-4.5696E-4
22.44371	-4.56579E-4
22.46017	-4.56061E-4
22.47794	-4.55792E-4
22.49637	-4.53626E-4
22.51015	-4.53919E-4
22.52595	-4.53287E-4
22.54352	-4.52747E-4
22.5629	-4.52805E-4
22.5773	-4.50645E-4
22.59292	-4.50009E-4
22.60935	-4.50667E-4
22.62565	-4.51213E-4
22.64312	-4.5093E-4
22.65906	-4.50501E-4
22.67498	-4.49808E-4
22.69228	-4.49533E-4
22.71065	-4.50464E-4
22.72643	-4.4869E-4
22.74367	-4.47923E-4
22.75979	-4.45852E-4
22.7764	-4.45779E-4
22.79358	-4.46127E-4
22.81166	-4.45763E-4
22.82572	-4.45844E-4
22.84297	-4.45113E-4
22.86001	-4.44627E-4
22.876	-4.44408E-4
22.89342	-4.44099E-4
22.90888	-4.44517E-4
22.92622	-4.44424E-4
22.94176	-4.45418E-4
22.95882	-4.43778E-4
22.97605	-4.41779E-4
22.99392	-4.40175E-4
23.01036	-4.409E-4
23.0268	-4.38972E-4
23.04035	-4.37812E-4
23.05877	-4.38149E-4
23.07629	-4.37796E-4
23.0932	-4.37589E-4
23.10811	-4.37587E-4
23.12586	-4.37838E-4
23.1437	-4.3663E-4
23.15886	-4.36851E-4
23.17634	-4.36008E-4
23.1927	-4.34444E-4
23.2093	-4.32386E-4
23.22711	-4.31126E-4
23.24245	-4.30532E-4
23.25924	-4.31142E-4
23.2765	-4.31826E-4
23.29344	-4.30233E-4
23.30555	-4.30192E-4
23.32226	-4.28713E-4
23.33793	-4.26708E-4
23.35624	-4.2733E-4
23.37378	-4.26629E-4
23.38853	-4.26152E-4
23.40368	-4.25078E-4
23.42232	-4.24217E-4
23.43961	-4.23944E-4
23.45405	-4.24656E-4
23.4749	-4.25018E-4
23.49076	-4.23938E-4
23.50592	-4.23327E-4
23.52425	-4.22721E-4
23.54148	-4.20035E-4
23.55709	-4.18923E-4
23.57407	-4.18973E-4
23.58924	-4.05498E-4
23.606	-3.89504E-4
23.6234	-3.85877E-4
23.63949	-3.86148E-4
23.65509	-3.8911E-4
23.67204	-3.91698E-4
23.68922	-3.94894E-4
23.70663	-3.99255E-4
23.72306	-4.05583E-4
23.7401	-4.09184E-4
23.75445	-4.09912E-4
23.77454	-4.09698E-4
23.78881	-4.09497E-4
23.80713	-4.08764E-4
23.82356	-4.08288E-4
23.84056	-4.08678E-4
23.85595	-4.07496E-4
23.87526	-4.04226E-4
23.88919	-4.01544E-4
23.90461	-4.01172E-4
23.92008	-4.01062E-4
23.93844	-4.00474E-4
23.95608	-4.00205E-4
23.9743	-3.99822E-4
23.98862	-3.99247E-4
24.00531	-3.9883E-4
24.02115	-3.98487E-4
24.03834	-3.9612E-4
24.05542	-3.96068E-4
24.07273	-3.94217E-4
24.088	-3.93298E-4
24.10568	-3.92188E-4
24.12399	-3.90833E-4
24.13936	-3.89626E-4
24.15513	-3.88099E-4
24.172	-3.86943E-4
24.18843	-3.87468E-4
24.20527	-3.87065E-4
24.22328	-3.85616E-4
24.23988	-3.85282E-4
24.25512	-3.83602E-4
24.26972	-3.82047E-4
24.28762	-3.80726E-4
24.30521	-3.79624E-4
24.32324	-3.77715E-4
24.34107	-3.77454E-4
24.35611	-3.76496E-4
24.37227	-3.7461E-4
24.3887	-3.73965E-4
24.40689	-3.73829E-4
24.41897	-3.73319E-4
24.43724	-3.71767E-4
24.45311	-3.69382E-4
24.46998	-3.67865E-4
24.48656	-3.66478E-4
24.50051	-3.66211E-4
24.51694	-3.62531E-4
24.534	-3.61779E-4
24.55125	-3.60293E-4
24.56678	-3.60478E-4
24.58335	-3.59071E-4
24.60067	-3.57152E-4
24.61714	-3.55267E-4
24.63396	-3.52659E-4
24.64904	-3.51439E-4
24.66797	-3.50738E-4
24.6851	-3.49773E-4
24.6996	-3.46995E-4
24.71511	-3.44877E-4
24.73445	-3.43129E-4
24.75049	-3.41067E-4
24.76545	-3.3967E-4
24.78176	-3.39525E-4
24.80091	-3.3736E-4
24.8181	-3.34499E-4
24.83214	-3.32566E-4
24.84993	-3.31042E-4
24.86822	-3.29457E-4
24.88326	-3.2696E-4
24.90042	-3.25544E-4
24.91814	-3.22068E-4
24.93432	-3.19454E-4
24.95167	-3.16999E-4
24.96628	-3.16341E-4
24.98435	-3.13834E-4
25.00141	-3.11461E-4
25.01988	-3.08109E-4
25.03449	-3.07503E-4
25.05005	-3.05009E-4
25.06631	-3.03295E-4
25.08384	-2.99002E-4
25.10117	-2.96737E-4
25.11684	-2.94872E-4
25.13234	-2.9214E-4
25.14939	-2.9028E-4
25.16736	-2.877E-4
25.18365	-2.84892E-4
25.19911	-2.81781E-4
25.21602	-2.79707E-4
25.23352	-2.75197E-4
25.24982	-2.71049E-4
25.26725	-2.691E-4
25.28388	-2.6395E-4
25.30053	-2.61848E-4
25.31708	-2.56089E-4
25.33588	-2.52229E-4
25.3532	-2.49049E-4
25.36836	-2.4328E-4
25.383	-2.38657E-4
25.39993	-2.34618E-4
25.41674	-2.30134E-4
25.43252	-2.26388E-4
25.44952	-2.19927E-4
25.46843	-2.14575E-4
25.48261	-2.099E-4
25.50035	-2.05043E-4
25.51773	-1.99948E-4
25.5326	-1.94103E-4
25.55036	-1.875E-4
25.5665	-1.78753E-4
25.58229	-1.73977E-4
25.59806	-1.6594E-4
25.6143	-1.59263E-4
25.63109	-1.51774E-4
25.65083	-1.42675E-4
25.66387	-1.35501E-4
25.67998	-1.27255E-4
25.69503	-1.1781E-4
25.71136	-1.08303E-4
25.72953	-9.75903E-5
25.74727	-8.77905E-5
25.76463	-7.75069E-5
25.78135	-6.86647E-5
25.79659	-5.68816E-5
25.81261	-4.64536E-5
25.82866	-3.53992E-5
25.84412	-2.53786E-5
25.86248	-1.21142E-5
25.8791	2.30843E-7
25.89586	1.3415E-5
25.91197	2.72294E-5
25.92965	4.08632E-5
25.94402	5.61369E-5
25.95973	7.17017E-5
25.97756	8.72605E-5
25.99434	1.02544E-4
26.01137	1.18472E-4
26.02882	1.4296E-4
26.0449	1.76842E-4
26.06192	1.98521E-4
26.07905	2.14461E-4
26.09553	2.29299E-4
26.11208	2.45105E-4
26.1271	2.59096E-4
26.14415	2.73041E-4
26.16237	2.84284E-4
26.17838	2.95549E-4
26.19233	3.10722E-4
26.21002	3.27857E-4
26.22664	3.48231E-4
26.24521	3.68094E-4
26.26213	3.88512E-4
26.27676	4.08254E-4
26.29377	4.25343E-4
26.31135	4.4484E-4
26.32873	4.64297E-4
26.34531	4.83836E-4
26.35955	5.03869E-4
26.37652	5.23525E-4
26.39261	5.43582E-4
26.41102	5.62387E-4
26.42645	5.8248E-4
26.44472	6.03256E-4
26.46193	6.24538E-4
26.47821	6.47269E-4
26.4941	6.69032E-4
26.51381	6.90414E-4
26.5293	7.1161E-4
26.54471	7.33628E-4
26.56112	7.53992E-4
26.57844	7.75746E-4
26.59365	7.98818E-4
26.61011	8.21973E-4
26.62861	8.4262E-4
26.64285	8.67702E-4
26.65976	8.90643E-4
26.67637	9.13643E-4
26.69335	9.36204E-4
26.71003	9.58732E-4
26.72574	9.81702E-4
26.74383	0.001
26.76004	0.00103
26.77671	0.00105
26.79459	0.00107
26.81019	0.0011
26.8265	0.00112
26.84249	0.00115
26.85929	0.00117
26.87609	0.00119
26.89348	0.00122
26.91	0.00124
26.92687	0.00127
26.94184	0.00129
26.95867	0.00131
26.97346	0.00134
26.99368	0.00136
27.01191	0.00138
27.02756	0.00141
27.04081	0.00143
27.05743	0.00146
27.077	0.00148
27.0948	0.0015
27.1102	0.00153
27.12652	0.00155
27.14227	0.00157
27.16006	0.00159
27.17445	0.00161
27.18996	0.00164
27.20796	0.00166
27.2266	0.00168
27.24253	0.0017
27.25792	0.00172
27.27578	0.00174
27.29204	0.00176
27.30635	0.00178
27.32343	0.0018
27.33927	0.00182
27.35614	0.00184
27.37558	0.00186
27.39211	0.00188
27.40908	0.00189
27.42285	0.00191
27.44073	0.00193
27.45819	0.00194
27.47415	0.00196
27.48852	0.00198
27.50838	0.00199
27.52512	0.00201
27.54044	0.00202
27.55651	0.00203
27.57435	0.00205
27.59034	0.00206
27.60558	0.00207
27.62379	0.00208
27.63976	0.0021
27.65822	0.00211
27.67502	0.00212
27.69277	0.00213
27.70615	0.00214
27.72223	0.00215
27.73914	0.00216
27.75579	0.00216
27.77149	0.00217
27.78907	0.00218
27.80601	0.00219
27.82194	0.00219
27.8392	0.0022
27.85523	0.00221
27.87295	0.00221
27.88791	0.00222
27.90583	0.00222
27.92403	0.00223
27.94056	0.00223
27.95605	0.00224
27.97126	0.00224
27.98748	0.00224
28.00493	0.00225
28.02271	0.00225
28.0382	0.00225
28.05354	0.00225
28.0724	0.00225
28.08893	0.00226
28.10171	0.00226
28.12189	0.00226
28.13705	0.00226
28.15279	0.00226
28.16984	0.00226
28.18943	0.00226
28.20569	0.00226
28.22162	0.00226
28.23864	0.00226
28.25279	0.00226
28.26936	0.00225
28.28667	0.00225
28.30398	0.00225
28.31857	0.00225
28.33686	0.00225
28.35609	0.00224
28.36899	0.00224
28.38687	0.00224
28.40447	0.00223
28.4215	0.00223
28.43841	0.00223
28.45469	0.00222
28.46977	0.00222
28.49047	0.00222
28.50428	0.00222
28.51997	0.00223
28.53856	0.00223
28.55704	0.00222
28.57289	0.00222
28.5884	0.00221
28.60445	0.0022
28.61998	0.00219
28.63403	0.00218
28.65298	0.00216
28.67032	0.00215
28.68613	0.00215
28.70384	0.00214
28.72223	0.00213
28.73543	0.00212
28.75233	0.00211
28.77006	0.0021
28.78421	0.00209
28.80238	0.00208
28.81943	0.00207
28.83686	0.00206
28.84987	0.00205
28.86717	0.00204
28.88584	0.00203
28.90135	0.00202
28.91873	0.00201
28.93535	0.002
28.95283	0.00198
28.97025	0.00197
28.98566	0.00196
29.00079	0.00195
29.01927	0.00193
29.03779	0.00192
29.05422	0.0019
29.06886	0.00189
29.08391	0.00187
29.10197	0.00186
29.1202	0.00184
29.13328	0.00182
29.15049	0.0018
29.16692	0.00179
29.1846	0.00177
29.2011	0.00174
29.21705	0.00172
29.23053	0.0017
29.24833	0.00168
29.26623	0.00165
29.28091	0.00162
29.29978	0.0016
29.31461	0.00157
29.3332	0.00154
29.34923	0.0015
29.36441	0.00147
29.38071	0.00143
29.39869	0.00139
29.41351	0.00134
29.43019	0.0013
29.44901	0.00125
29.46643	0.0012
29.48227	0.00114
29.49975	0.00108
29.51603	0.00102
29.53154	9.64969E-4
29.54703	9.02671E-4
29.56108	8.42124E-4
29.57489	7.84897E-4
29.59021	7.33325E-4
29.60625	6.86767E-4
29.62421	6.41865E-4
29.64179	6.01917E-4
29.65636	5.65699E-4
29.67631	5.33028E-4
29.69432	5.03233E-4
29.71094	4.74773E-4
29.72448	4.50356E-4
29.7427	4.27699E-4
29.75817	4.05771E-4
29.77387	3.86971E-4
29.78975	3.69192E-4
29.80666	3.53376E-4
29.82528	3.37869E-4
29.84041	3.24051E-4
29.85798	3.08544E-4
29.87437	2.96041E-4
29.88995	2.84918E-4
29.90758	2.71774E-4
29.92262	2.6029E-4
29.93822	2.5087E-4
29.95426	2.40847E-4
29.97273	2.31264E-4
29.98788	2.21735E-4
30.00493	2.1313E-4
30.02179	2.05243E-4
30.03865	1.97232E-4
30.05416	1.87539E-4
30.07181	1.79379E-4
30.08732	1.71354E-4
30.10382	1.62541E-4
30.12195	1.55094E-4
30.13888	1.46665E-4
30.15415	1.37992E-4
30.17331	1.30233E-4
30.18839	1.22371E-4
30.20361	1.12966E-4
30.22033	1.05246E-4
30.23783	9.85397E-5
30.25331	9.12652E-5
30.26787	8.45928E-5
30.28492	7.56622E-5
30.30388	6.82953E-5
30.3204	6.12335E-5
30.33624	5.40955E-5
30.35421	4.65359E-5
30.36968	3.85327E-5
30.38777	3.19707E-5
30.40455	2.58785E-5
30.41917	2.01777E-5
30.43723	1.36478E-5
30.45452	5.89552E-6
30.46843	-3.99458E-7
30.4837	-6.45557E-6
30.5029	-1.371E-5
30.51943	-1.91579E-5
30.53632	-2.61334E-5
30.55071	-3.34039E-5
30.56864	-4.04697E-5
30.58719	-4.96814E-5
30.60451	-5.48563E-5
30.62011	-6.13038E-5
30.63615	-6.80524E-5
30.6516	-7.24445E-5
30.67092	-7.79746E-5
30.68763	-8.40027E-5
30.70092	-9.11568E-5
30.72005	-9.9152E-5
30.73575	-1.0238E-4
30.75122	-1.07442E-4
30.76952	-1.13878E-4
30.78576	-1.20257E-4
30.80375	-1.26375E-4
30.82047	-1.31231E-4
30.83844	-1.35382E-4
30.85391	-1.4038E-4
30.87013	-1.45489E-4
30.88649	-1.51565E-4
30.90311	-1.58611E-4
30.91804	-1.62832E-4
30.93536	-1.67243E-4
30.95211	-1.72381E-4
30.96939	-1.6546E-4
30.98656	-1.54952E-4
31.00331	-1.55704E-4
31.02052	-1.61245E-4
31.03862	-1.69987E-4
31.05403	-1.78106E-4
31.07085	-1.85995E-4
31.08566	-1.94406E-4
31.10467	-2.03035E-4
31.11988	-2.13042E-4
31.13734	-2.22139E-4
31.1541	-2.28265E-4
31.16922	-2.33763E-4
31.18691	-2.36533E-4
31.20309	-2.41783E-4
31.21836	-2.46861E-4
31.23435	-2.49838E-4
31.24967	-2.53441E-4
31.27001	-2.5708E-4
31.28707	-2.62095E-4
31.30048	-2.66192E-4
31.31726	-2.69851E-4
31.33627	-2.71943E-4
31.3525	-2.76252E-4
31.36898	-2.79265E-4
31.38632	-2.83031E-4
31.40236	-2.87686E-4
31.41832	-2.90458E-4
31.43707	-2.94345E-4
31.4501	-2.97669E-4
31.46893	-3.01617E-4
31.48575	-3.0509E-4
31.50144	-3.07149E-4
31.51986	-3.09544E-4
31.53432	-3.12473E-4
31.55135	-3.15317E-4
31.5705	-3.17814E-4
31.58466	-3.20247E-4
31.60259	-3.2476E-4
31.62012	-3.28166E-4
31.63614	-3.30503E-4
31.65264	-3.32899E-4
31.66928	-3.37723E-4
31.68439	-3.39598E-4
31.70144	-3.40842E-4
31.7171	-3.43319E-4
31.7327	-3.4558E-4
31.74962	-3.47798E-4
31.76703	-3.51118E-4
31.78469	-3.54163E-4
31.80097	-3.55562E-4
31.81818	-3.58085E-4
31.83379	-3.5927E-4
31.84991	-3.62327E-4
31.8677	-3.64208E-4
31.88281	-3.66612E-4
31.89916	-3.69959E-4
31.91394	-3.70673E-4
31.93318	-3.75314E-4
31.94818	-3.76529E-4
31.96787	-3.78901E-4
31.98458	-3.82316E-4
32.00048	-3.83428E-4
32.01613	-3.8526E-4
32.03385	-3.86326E-4
32.05178	-3.89654E-4
32.06621	-3.90865E-4
32.08388	-3.94289E-4
32.10109	-3.96853E-4
32.11545	-3.98244E-4
32.13414	-3.98894E-4
32.15106	-4.01185E-4
32.16604	-4.02939E-4
32.18285	-4.03483E-4
32.19926	-4.0584E-4
32.21457	-4.07566E-4
32.23234	-4.08473E-4
32.24807	-4.09661E-4
32.26634	-4.11609E-4
32.28494	-4.12807E-4
32.29981	-4.13913E-4
32.31602	-4.16217E-4
32.33256	-4.1699E-4
32.34911	-4.18945E-4
32.36584	-4.21165E-4
32.38257	-4.22779E-4
32.39696	-4.22476E-4
32.41463	-4.25451E-4
32.43277	-4.25961E-4
32.45031	-4.28239E-4
32.46753	-4.29901E-4
32.484	-4.31957E-4
32.49968	-4.32069E-4
32.51541	-4.31977E-4
32.534	-4.33308E-4
32.55109	-4.35684E-4
32.5652	-4.36487E-4
32.58265	-4.39376E-4
32.60077	-4.40358E-4
32.61757	-4.42674E-4
32.63359	-4.4313E-4
32.6513	-4.4439E-4
32.66818	-4.45444E-4
32.6845	-4.45707E-4
32.7014	-4.47269E-4
32.71819	-4.48877E-4
32.73377	-4.4982E-4
32.74964	-4.51342E-4
32.76545	-4.51745E-4
32.78237	-4.53287E-4
32.79804	-4.54766E-4
32.81596	-4.56934E-4
32.83334	-4.56099E-4
32.85162	-4.5643E-4
32.8677	-4.57849E-4
32.88394	-4.59026E-4
32.9014	-4.59399E-4
32.91749	-4.60322E-4
32.93191	-4.61159E-4
32.94831	-4.62338E-4
32.964	-4.63869E-4
32.98104	-4.63418E-4
32.99846	-4.64219E-4
33.01552	-4.66178E-4
33.03312	-4.66228E-4
33.04972	-4.68221E-4
33.06549	-4.68944E-4
33.08076	-4.68275E-4
33.09709	-4.69771E-4
33.11148	-4.69962E-4
33.12846	-4.71015E-4
33.14722	-4.72117E-4
33.16441	-4.72455E-4
33.17974	-4.72631E-4
33.19814	-4.75594E-4
33.2142	-4.76857E-4
33.22899	-4.75448E-4
33.24776	-4.74761E-4
33.26433	-4.75544E-4
33.2808	-4.76873E-4
33.29762	-4.79079E-4
33.31503	-4.80582E-4
33.32981	-4.80922E-4
33.34575	-4.81586E-4
33.36327	-4.82202E-4
33.38053	-4.83294E-4
33.39965	-4.82263E-4
33.41445	-4.82148E-4
33.42924	-4.85346E-4
33.4448	-4.8473E-4
33.46167	-4.74006E-4
33.47557	-4.57149E-4
33.49447	-4.53799E-4
33.5103	-4.56374E-4
33.52743	-4.59273E-4
33.54495	-4.62025E-4
33.56108	-4.65859E-4
33.57879	-4.70036E-4
33.59663	-4.74861E-4
33.61106	-4.81126E-4
33.62775	-4.8938E-4
33.64485	-4.92078E-4
33.65969	-4.95559E-4
33.67512	-4.95421E-4
33.6938	-4.94985E-4
33.70707	-4.94862E-4
33.72269	-4.94766E-4
33.74086	-4.95465E-4
33.75895	-4.96673E-4
33.7735	-4.98132E-4
33.79228	-4.98598E-4
33.80829	-4.98159E-4
33.82557	-4.99026E-4
33.84065	-5.00029E-4
33.85688	-5.00812E-4
33.8751	-5.00244E-4
33.89163	-5.00706E-4
33.91004	-5.01394E-4
33.92424	-5.01503E-4
33.94258	-5.00784E-4
33.95943	-5.02581E-4
33.97512	-5.0172E-4
33.99301	-5.02553E-4
34.00842	-5.0305E-4
34.02275	-5.0252E-4
34.04349	-5.03871E-4
34.05858	-5.05736E-4
34.07528	-5.06417E-4
34.09125	-5.0691E-4
34.10933	-5.07513E-4
34.12659	-5.07746E-4
34.14152	-5.07513E-4
34.1565	-5.07083E-4
34.17531	-5.07764E-4
34.19292	-5.08151E-4
34.20691	-5.08534E-4
34.22386	-5.09827E-4
34.23934	-5.10863E-4
34.25889	-5.11124E-4
34.27555	-5.10584E-4
34.29138	-5.10305E-4
34.30553	-5.12483E-4
34.32322	-5.11343E-4
34.3417	-5.11307E-4
34.35744	-5.11268E-4
34.37497	-5.11086E-4
34.39052	-5.11584E-4
34.40737	-5.12073E-4
34.42465	-5.12858E-4
34.44236	-5.14707E-4
34.45789	-5.13651E-4
34.47405	-5.13047E-4
34.49164	-5.1327E-4
34.50743	-5.14703E-4
34.52368	-5.14348E-4
34.54108	-5.14707E-4
34.55759	-5.16128E-4
34.57446	-5.15333E-4
34.5911	-5.15173E-4
34.60623	-5.14127E-4
34.62382	-5.15709E-4
34.64161	-5.16688E-4
34.65892	-5.16323E-4
34.67527	-5.16048E-4
34.69139	-5.18007E-4
34.70722	-5.1889E-4
34.72368	-5.18993E-4
34.74065	-5.19617E-4
34.75754	-5.19571E-4
34.77429	-5.19613E-4
34.79232	-5.18633E-4
34.80786	-5.19557E-4
34.8258	-5.20428E-4
34.84334	-5.20458E-4
34.85638	-5.2044E-4
34.87328	-5.20273E-4
34.88911	-5.19852E-4
34.90738	-5.21957E-4
34.9219	-5.22566E-4
34.93992	-5.23623E-4
34.95807	-5.24356E-4
34.97192	-5.24312E-4
34.98981	-5.24302E-4
35.00495	-5.25167E-4
35.02305	-5.25528E-4
35.03943	-5.25432E-4
35.0584	-5.24537E-4
35.07154	-5.24304E-4
35.08937	-5.24615E-4
35.10751	-5.24266E-4
35.12369	-5.26058E-4
35.13888	-5.25729E-4
35.15557	-5.26582E-4
35.17308	-5.27144E-4
35.19049	-5.26062E-4
35.20678	-5.2772E-4
35.22275	-5.28084E-4
35.24117	-5.28389E-4
35.2577	-5.27225E-4
35.27486	-5.25597E-4
35.28952	-5.26357E-4
35.30692	-5.27395E-4
35.3235	-5.2643E-4
35.34021	-5.25918E-4
35.35892	-5.26267E-4
35.37613	-5.2714E-4
35.38988	-5.27646E-4
35.40881	-5.27873E-4
35.42491	-5.29627E-4
35.44097	-5.31332E-4
35.45676	-5.32658E-4
35.47537	-5.32454E-4
35.49201	-5.33377E-4
35.50905	-5.3295E-4
35.52617	-5.32E-4
35.54195	-5.31852E-4
35.55764	-5.31655E-4
35.57361	-5.31081E-4
35.58962	-5.29535E-4
35.60759	-5.31454E-4
35.62425	-5.3251E-4
35.64228	-5.31107E-4
35.65824	-5.29383E-4
35.6747	-5.30896E-4
35.69151	-5.32379E-4
35.70851	-5.32351E-4
35.72424	-5.3424E-4
35.73963	-5.3352E-4
35.75752	-5.32394E-4
35.77424	-5.32337E-4
35.79091	-5.34033E-4
35.8073	-5.33977E-4
35.82475	-5.34652E-4
35.84022	-5.35246E-4
35.85775	-5.33965E-4
35.87385	-5.34764E-4
35.88988	-5.35041E-4
35.90711	-5.34867E-4
35.92449	-5.36786E-4
35.94004	-5.3793E-4
35.95847	-5.36346E-4
35.97342	-5.35138E-4
35.99056	-5.18475E-4
36.00742	-5.06003E-4
36.02259	-5.0568E-4
36.04009	-5.07378E-4
36.05649	-5.1106E-4
36.07201	-5.15418E-4
36.08787	-5.17549E-4
36.10727	-5.20679E-4
36.12251	-5.25027E-4
36.13977	-5.30031E-4
36.15379	-5.3593E-4
36.171	-5.38576E-4
36.18715	-5.38996E-4
36.20492	-5.40947E-4
36.22245	-5.41178E-4
36.23755	-5.39786E-4
36.25405	-5.39893E-4
36.27129	-5.40537E-4
36.28882	-5.40351E-4
36.30582	-5.39315E-4
36.32258	-5.40066E-4
36.33749	-5.40555E-4
36.35502	-5.41541E-4
36.37205	-5.41772E-4
36.39015	-5.40802E-4
36.40702	-5.40897E-4
36.42186	-5.40066E-4
36.43937	-5.40981E-4
36.45407	-5.4138E-4
36.47025	-5.41366E-4
36.48939	-5.42237E-4
36.50761	-5.43526E-4
36.52145	-5.43044E-4
36.53835	-5.44377E-4
36.55524	-5.43765E-4
36.57238	-5.43064E-4
36.58849	-5.41844E-4
36.60461	-5.42157E-4
36.62295	-5.43058E-4
36.63781	-5.42322E-4
36.65467	-5.43622E-4
36.67095	-5.43319E-4
36.6898	-5.41884E-4
36.70553	-5.4193E-4
36.72051	-5.42133E-4
36.73735	-5.41459E-4
36.75443	-5.43279E-4
36.7699	-5.43295E-4
36.78736	-5.43875E-4
36.80359	-5.42777E-4
36.81904	-5.44177E-4
36.83744	-5.44845E-4
36.85393	-5.44271E-4
36.87061	-5.4448E-4
36.88811	-5.43219E-4
36.90464	-5.42621E-4
36.9211	-5.44789E-4
36.93729	-5.45475E-4
36.95337	-5.45208E-4
36.97043	-5.4414E-4
36.9861	-5.44809E-4
37.00191	-5.44608E-4
37.01831	-5.44518E-4
37.03404	-5.4458E-4
37.05063	-5.46033E-4
37.06969	-5.44636E-4
37.08541	-5.45371E-4
37.10184	-5.44062E-4
37.11771	-5.45242E-4
37.13518	-5.43717E-4
37.15216	-5.44749E-4
37.16892	-5.44004E-4
37.18366	-5.45042E-4
37.20012	-5.45158E-4
37.21764	-5.4631E-4
37.23604	-5.47015E-4
37.25196	-5.47489E-4
37.2662	-5.48241E-4
37.28255	-5.48296E-4
37.30229	-5.49038E-4
37.31892	-5.47557E-4
37.33394	-5.48747E-4
37.3493	-5.47723E-4
37.3644	-5.46864E-4
37.38093	-5.46194E-4
37.39678	-5.46063E-4
37.41426	-5.46802E-4
37.43323	-5.46722E-4
37.45089	-5.45562E-4
37.46712	-5.4724E-4
37.48557	-5.47167E-4
37.50195	-5.45841E-4
37.517	-5.46898E-4
37.53474	-5.4687E-4
37.54928	-5.48267E-4
37.56712	-5.47956E-4
37.58028	-5.47561E-4
37.59856	-5.47673E-4
37.61732	-5.47886E-4
37.63491	-5.47882E-4
37.64897	-5.4946E-4
37.66544	-5.49524E-4
37.68485	-5.495E-4
37.7006	-5.49133E-4
37.71916	-5.49229E-4
37.73459	-5.51007E-4
37.74815	-5.50831E-4
37.76582	-5.50692E-4
37.78254	-5.52605E-4
37.80149	-5.51933E-4
37.81791	-5.5051E-4
37.83189	-5.49793E-4
37.84937	-5.49803E-4
37.86662	-5.49424E-4
37.88284	-5.48882E-4
37.89873	-5.48544E-4
37.9149	-5.48749E-4
37.93179	-5.50813E-4
37.94777	-5.50385E-4
37.96426	-5.49612E-4
37.98217	-5.5129E-4
38.00012	-5.50921E-4
38.01628	-5.51164E-4
38.03382	-5.5221E-4
38.04944	-5.5158E-4
38.06735	-5.51399E-4
38.08036	-5.5114E-4
38.09633	-5.49153E-4
38.1138	-5.49239E-4
38.1286	-5.506E-4
38.14588	-5.51198E-4
38.16293	-5.50817E-4
38.17733	-5.49749E-4
38.19712	-5.48844E-4
38.21274	-5.49867E-4
38.23073	-5.49889E-4
38.24748	-5.50632E-4
38.2645	-5.49484E-4
38.27861	-5.49129E-4
38.29549	-5.51834E-4
38.31194	-5.51782E-4
38.32932	-5.5103E-4
38.34625	-5.51299E-4
38.3638	-5.51762E-4
38.38173	-5.51676E-4
38.39849	-5.52007E-4
38.41535	-5.5223E-4
38.43169	-5.51814E-4
38.44841	-5.52435E-4
38.46799	-5.51875E-4
38.48285	-5.53037E-4
38.49747	-5.51588E-4
38.51272	-5.51648E-4
38.53043	-5.37438E-4
38.54673	-5.21823E-4
38.56212	-5.1942E-4
38.57994	-5.20679E-4
38.59672	-5.24982E-4
38.61296	-5.2882E-4
38.62688	-5.32805E-4
38.64856	-5.3469E-4
38.66179	-5.34895E-4
38.67856	-5.37811E-4
38.69488	-5.4508E-4
38.71252	-5.51226E-4
38.73006	-5.52816E-4
38.74569	-5.52282E-4
38.76385	-5.51654E-4
38.78157	-5.51732E-4
38.79697	-5.52063E-4
38.81098	-5.51038E-4
38.82858	-5.51895E-4
38.84708	-5.51116E-4
38.86312	-5.52292E-4
38.8796	-5.51301E-4
38.89529	-5.518E-4
38.91333	-5.50229E-4
38.93132	-5.49687E-4
38.94694	-5.50405E-4
38.96317	-5.50377E-4
38.97833	-5.51001E-4
38.99638	-5.50385E-4
39.01164	-5.50823E-4
39.02906	-5.51592E-4
39.0465	-5.50397E-4
39.06475	-5.52226E-4
39.07928	-5.52158E-4
39.09494	-5.52005E-4
39.11185	-5.5171E-4
39.12824	-5.51469E-4
39.14387	-5.51666E-4
39.16258	-5.51266E-4
39.17928	-5.51162E-4
39.19442	-5.51999E-4
39.21208	-5.54199E-4
39.22896	-5.53978E-4
39.24427	-5.52912E-4
39.26326	-5.5326E-4
39.27669	-5.5225E-4
39.29415	-5.52814E-4
39.31211	-5.52637E-4
39.32756	-5.52589E-4
39.34337	-5.5288E-4
39.36149	-5.52694E-4
39.37903	-5.53242E-4
39.39653	-5.52963E-4
39.41333	-5.50686E-4
39.42883	-5.50999E-4
39.44631	-5.52461E-4
39.46374	-5.53312E-4
39.47823	-5.53179E-4
39.49504	-5.52906E-4
39.51126	-5.53248E-4
39.52981	-5.52854E-4
39.54773	-5.5293E-4
39.56132	-5.53234E-4
39.57988	-5.54412E-4
39.59593	-5.53533E-4
39.61414	-5.53537E-4
39.62793	-5.5341E-4
39.6446	-5.52939E-4
39.66295	-5.52234E-4
39.6771	-5.52469E-4
39.69395	-5.5235E-4
39.7109	-5.5227E-4
39.72683	-5.52826E-4
39.74541	-5.53107E-4
39.76043	-5.53308E-4
39.77541	-5.54287E-4
39.79265	-5.53912E-4
39.81048	-5.53153E-4
39.82692	-5.53001E-4
39.84498	-5.52959E-4
39.86067	-5.53438E-4
39.87635	-5.53711E-4
39.89499	-5.53207E-4
39.91047	-5.51497E-4
39.926	-5.52481E-4
39.94432	-5.52969E-4
39.96051	-5.53324E-4
39.97637	-5.53478E-4
39.9942	-5.54099E-4
40.01031	-5.53822E-4
40.02814	-5.5278E-4
40.04533	-5.5214E-4
40.06202	-5.5126E-4
40.07909	-5.51867E-4
40.09497	-5.5226E-4
40.11054	-5.52407E-4
40.1291	-5.51086E-4
40.14306	-5.52031E-4
40.16002	-5.52844E-4
40.17638	-5.53834E-4
40.19284	-5.53101E-4
40.20877	-5.53533E-4
40.22641	-5.53611E-4
40.24055	-5.53414E-4
40.25877	-5.53786E-4
40.27573	-5.52057E-4
40.29148	-5.50995E-4
40.30848	-5.52332E-4
40.32624	-5.52782E-4
40.34478	-5.5345E-4
40.36034	-5.53468E-4
40.377	-5.52975E-4
40.39314	-5.52772E-4
40.4108	-5.52366E-4
40.42681	-5.51355E-4
40.44169	-5.51469E-4
40.45941	-5.52621E-4
40.47371	-5.53388E-4
40.49026	-5.5224E-4
40.50969	-5.51674E-4
40.52657	-5.51284E-4
40.54173	-5.50608E-4
40.55818	-5.50146E-4
40.57391	-5.49327E-4
40.59185	-5.49767E-4
40.60881	-5.50849E-4
40.62392	-5.50837E-4
40.64136	-5.52025E-4
40.65698	-5.51602E-4
40.67565	-5.52668E-4
40.69288	-5.52298E-4
40.70681	-5.51838E-4
40.7229	-5.51389E-4
40.74007	-5.52234E-4
40.75855	-5.52041E-4
40.77267	-5.51447E-4
40.78985	-5.52513E-4
40.80753	-5.49875E-4
40.82372	-5.49962E-4
40.84053	-5.51838E-4
40.85698	-5.51913E-4
40.874	-5.50927E-4
40.88808	-5.50604E-4
40.90818	-5.51676E-4
40.92527	-5.51586E-4
40.94249	-5.51778E-4
40.95867	-5.52991E-4
40.97375	-5.51568E-4
40.99398	-5.51582E-4
41.00865	-5.51885E-4
41.02466	-5.52234E-4
41.03983	-5.51752E-4
41.05704	-5.51447E-4
41.0744	-5.52376E-4
41.09145	-5.5238E-4
41.10742	-5.53505E-4
41.12346	-5.52455E-4
41.14023	-5.49689E-4
41.15757	-5.3427E-4
41.17369	-5.2161E-4
41.18746	-5.21104E-4
41.20595	-5.22475E-4
41.22323	-5.25139E-4
41.23982	-5.29389E-4
41.25477	-5.32341E-4
41.27053	-5.33431E-4
41.28597	-5.35336E-4
41.30372	-5.38361E-4
41.31945	-5.40118E-4
41.33867	-5.47328E-4
41.35423	-5.51451E-4
41.37091	-5.52489E-4
41.38602	-5.54496E-4
41.40443	-5.53637E-4
41.4214	-5.52459E-4
41.43791	-5.52525E-4
41.45364	-5.52625E-4
41.47061	-5.53517E-4
41.48864	-5.54205E-4
41.50569	-5.53374E-4
41.52291	-5.52553E-4
41.53807	-5.53573E-4
41.55541	-5.52571E-4
41.57128	-5.53145E-4
41.58957	-5.52218E-4
41.60424	-5.52702E-4
41.62151	-5.52649E-4
41.63597	-5.52368E-4
41.65415	-5.5271E-4
41.6695	-5.52884E-4
41.68443	-5.5178E-4
41.70349	-5.51664E-4
41.71841	-5.51921E-4
41.73477	-5.51722E-4
41.75082	-5.52168E-4
41.76938	-5.52796E-4
41.78617	-5.51925E-4
41.80351	-5.51393E-4
41.81882	-5.5275E-4
41.83555	-5.52599E-4
41.85013	-5.53609E-4
41.86711	-5.55187E-4
41.88614	-5.54386E-4
41.90177	-5.53515E-4
41.91897	-5.55285E-4
41.93621	-5.55145E-4
41.95292	-5.54227E-4
41.97035	-5.53179E-4
41.98789	-5.5233E-4
42.00133	-5.53418E-4
42.01975	-5.53866E-4
42.03455	-5.53948E-4
42.05106	-5.54004E-4
42.06677	-5.53603E-4
42.0837	-5.53972E-4
42.10329	-5.52706E-4
42.11893	-5.54338E-4
42.13716	-5.55594E-4
42.15226	-5.54516E-4
42.16711	-5.56281E-4
42.18265	-5.56512E-4
42.20077	-5.54135E-4
42.21965	-5.53862E-4
42.23479	-5.53587E-4
42.25054	-5.52997E-4
42.26701	-5.52756E-4
42.28471	-5.52595E-4
42.30071	-5.51881E-4
42.31619	-5.52378E-4
42.33485	-5.54613E-4
42.35211	-5.5392E-4
42.36827	-5.54902E-4
42.38765	-5.53998E-4
42.40369	-5.54053E-4
42.41916	-5.549E-4
42.43459	-5.55664E-4
42.45052	-5.55147E-4
42.46851	-5.54558E-4
42.48401	-5.53448E-4
42.50254	-5.54324E-4
42.51806	-5.55169E-4
42.53589	-5.54416E-4
42.55213	-5.54775E-4
42.56907	-5.53687E-4
42.58496	-5.54229E-4
42.60199	-5.54045E-4
42.61694	-5.53745E-4
42.63494	-5.53053E-4
42.65355	-5.5341E-4
42.66954	-5.54075E-4
42.68496	-5.5455E-4
42.70139	-5.54285E-4
42.71709	-5.5395E-4
42.73221	-5.54643E-4
42.75057	-5.55931E-4
42.76704	-5.5616E-4
42.78397	-5.55584E-4
42.8017	-5.52848E-4
42.81885	-5.522E-4
42.83614	-5.53906E-4
42.84999	-5.5346E-4
42.86529	-5.54785E-4
42.88186	-5.54992E-4
42.90126	-5.56799E-4
42.91765	-5.56142E-4
42.93386	-5.56353E-4
42.95023	-5.55646E-4
42.96648	-5.56271E-4
42.98637	-5.54831E-4
43.00063	-5.53894E-4
43.01614	-5.52053E-4
43.03296	-5.51724E-4
43.04879	-5.5212E-4
43.06563	-5.53495E-4
43.08313	-5.51646E-4
43.09663	-5.52603E-4
43.11337	-5.53575E-4
43.13208	-5.55508E-4
43.14813	-5.54512E-4
43.16541	-5.54259E-4
43.18227	-5.54279E-4
43.20048	-5.55677E-4
43.21519	-5.55084E-4
43.23122	-5.54655E-4
43.24993	-5.54755E-4
43.26639	-5.5492E-4
43.28043	-5.54633E-4
43.30045	-5.53834E-4
43.3168	-5.53242E-4
43.33302	-5.52555E-4
43.35009	-5.53583E-4
43.36469	-5.52912E-4
43.38063	-5.5338E-4
43.39673	-5.53922E-4
43.41588	-5.5328E-4
43.43299	-5.52272E-4
43.45017	-5.54496E-4
43.46742	-5.55873E-4
43.48438	-5.54829E-4
43.50067	-5.53458E-4
43.51712	-5.54426E-4
43.5337	-5.54055E-4
43.54819	-5.53762E-4
43.56625	-5.5326E-4
43.58192	-5.54231E-4
43.59751	-5.54291E-4
43.61433	-5.54864E-4
43.63257	-5.53812E-4
43.65048	-5.54422E-4
43.6643	-5.55319E-4
43.68162	-5.56379E-4
43.6991	-5.54946E-4
43.71269	-5.53918E-4
43.73107	-5.53432E-4
43.74695	-5.52633E-4
43.76385	-5.52336E-4
43.78094	-5.53454E-4
43.79591	-5.52778E-4
43.81354	-5.53458E-4
43.82904	-5.50494E-4
43.84594	-5.3034E-4
43.86485	-5.19573E-4
43.88066	-5.18178E-4
43.89703	-5.22509E-4
43.91209	-5.27851E-4
43.93003	-5.32418E-4
43.94594	-5.33542E-4
43.96211	-5.35431E-4
43.98062	-5.386E-4
44.00025	-5.4077E-4
44.01221	-5.42687E-4
44.02988	-5.47992E-4
44.04442	-5.52091E-4
44.06185	-5.55191E-4
44.08066	-5.5543E-4
44.0961	-5.53041E-4
44.11334	-5.53374E-4
44.12932	-5.53087E-4
44.1438	-5.52278E-4
44.16072	-5.53653E-4
44.17798	-5.54187E-4
44.19518	-5.52128E-4
44.21208	-5.50162E-4
44.22885	-5.50747E-4
44.24605	-5.51814E-4
44.26235	-5.52601E-4
44.27947	-5.52011E-4
44.29558	-5.5219E-4
44.31275	-5.51158E-4
44.3305	-5.51256E-4
44.3454	-5.52848E-4
44.3624	-5.52248E-4
44.37987	-5.53037E-4
44.39658	-5.54655E-4
44.41707	-5.54237E-4
44.42871	-5.53814E-4
44.44275	-5.52405E-4
44.46113	-5.52374E-4
44.47776	-5.52694E-4
44.49655	-5.52832E-4
44.51435	-5.52653E-4
44.53004	-5.52916E-4
44.5468	-5.53135E-4
44.5611	-5.53896E-4
44.57837	-5.52922E-4
44.59497	-5.54163E-4
44.61536	-5.52985E-4
44.62894	-5.52158E-4
44.64565	-5.52517E-4
44.66213	-5.51921E-4
44.67685	-5.51949E-4
44.69609	-5.52904E-4
44.7137	-5.53011E-4
44.73046	-5.54472E-4
44.74567	-5.52999E-4
44.76069	-5.52782E-4
44.77954	-5.5177E-4
44.79497	-5.52912E-4
44.80836	-5.52105E-4
44.82588	-5.51337E-4
44.84329	-5.51897E-4
44.85936	-5.52971E-4
44.8766	-5.52641E-4
44.89322	-5.52443E-4
44.90958	-5.51877E-4
44.92642	-5.51875E-4
44.94385	-5.52334E-4
44.96074	-5.53023E-4
44.97649	-5.53673E-4
44.99314	-5.53649E-4
45.00875	-5.53942E-4
45.02718	-5.52346E-4
45.04308	-5.5174E-4
45.0587	-5.52838E-4
45.07422	-5.51923E-4
45.09156	-5.51636E-4
45.10903	-5.5325E-4
45.12487	-5.53637E-4
45.14384	-5.52617E-4
45.16019	-5.52537E-4
45.17273	-5.51299E-4
45.18911	-5.51788E-4
45.20334	-5.51479E-4
45.22088	-5.52087E-4
45.23781	-5.5168E-4
45.25588	-5.51598E-4
45.2729	-5.51662E-4
45.28564	-5.52212E-4
45.30382	-5.51527E-4
45.31963	-5.51501E-4
45.33609	-5.50923E-4
45.35198	-5.4962E-4
45.37015	-5.49683E-4
45.38893	-5.50905E-4
45.40356	-5.50943E-4
45.42065	-5.516E-4
45.43693	-5.51933E-4
45.45643	-5.50736E-4
45.47221	-5.49237E-4
45.48803	-5.48986E-4
45.50544	-5.48462E-4
45.52209	-5.48366E-4
45.53795	-5.50273E-4
45.55257	-5.51158E-4
45.56934	-5.49721E-4
45.58791	-5.5127E-4
45.60501	-5.50967E-4
45.62132	-5.51096E-4
45.6368	-5.4998E-4
45.65445	-5.5001E-4
45.66959	-5.49811E-4
45.68756	-5.49113E-4
45.70358	-5.49602E-4
45.72106	-5.50192E-4
45.73614	-5.50612E-4
45.75072	-5.51017E-4
45.76873	-5.51748E-4
45.78595	-5.52896E-4
45.80181	-5.52555E-4
45.82014	-5.50747E-4
45.83627	-5.49305E-4
45.85274	-5.47912E-4
45.8708	-5.48412E-4
45.88699	-5.48954E-4
45.90459	-5.49536E-4
45.92067	-5.5E-4
45.9361	-5.49494E-4
45.95299	-5.49373E-4
45.97079	-5.49153E-4
45.98763	-5.48655E-4
46.00403	-5.47942E-4
46.02144	-5.48195E-4
46.03752	-5.48813E-4
46.05617	-5.49817E-4
46.07093	-5.49363E-4
46.0868	-5.49414E-4
46.10381	-5.49891E-4
46.11854	-5.50718E-4
46.13741	-5.50751E-4
46.15278	-5.50652E-4
46.17038	-5.4903E-4
46.18767	-5.49319E-4
46.20388	-5.50287E-4
46.22061	-5.48002E-4
46.23723	-5.46565E-4
46.25304	-5.46858E-4
46.27036	-5.46987E-4
46.29018	-5.47426E-4
46.30726	-5.46296E-4
46.32013	-5.47766E-4
46.33679	-5.46696E-4
46.35579	-5.46242E-4
46.37108	-5.4684E-4
46.38767	-5.47659E-4
46.40394	-5.48017E-4
46.41875	-5.47892E-4
46.43617	-5.48051E-4
46.45224	-5.48675E-4
46.4694	-5.47715E-4
46.48489	-5.4724E-4
46.50207	-5.48819E-4
46.51948	-5.47812E-4
46.53487	-5.48805E-4
46.55256	-5.48231E-4
46.56625	-5.47667E-4
46.5815	-5.46784E-4
46.60183	-5.28624E-4
46.61738	-5.14924E-4
46.63293	-5.13121E-4
46.64958	-5.15197E-4
46.66737	-5.18107E-4
46.68386	-5.21905E-4
46.70015	-5.26185E-4
46.71791	-5.30117E-4
46.73437	-5.31474E-4
46.75019	-5.3248E-4
46.76823	-5.34738E-4
46.78363	-5.36478E-4
46.80312	-5.42133E-4
46.82069	-5.47181E-4
46.83467	-5.4732E-4
46.8522	-5.49799E-4
46.86871	-5.50474E-4
46.88578	-5.50612E-4
46.90273	-5.50064E-4
46.92007	-5.48988E-4
46.93514	-5.49012E-4
46.95111	-5.47659E-4
46.96786	-5.48139E-4
46.98499	-5.48185E-4
47.00072	-5.48653E-4
47.01835	-5.48691E-4
47.03229	-5.48926E-4
47.05011	-5.49094E-4
47.06779	-5.49805E-4
47.0848	-5.48099E-4
47.10157	-5.47729E-4
47.11716	-5.48613E-4
47.13276	-5.48842E-4
47.14821	-5.48091E-4
47.16431	-5.47372E-4
47.18347	-5.47872E-4
47.20053	-5.46995E-4
47.21637	-5.46625E-4
47.2345	-5.47748E-4
47.25245	-5.48302E-4
47.26854	-5.47366E-4
47.28562	-5.47659E-4
47.30042	-5.46856E-4
47.31783	-5.46124E-4
47.33396	-5.45692E-4
47.35027	-5.46931E-4
47.36695	-5.47286E-4
47.38353	-5.46001E-4
47.39862	-5.45945E-4
47.41521	-5.45078E-4
47.43182	-5.46517E-4
47.44952	-5.47177E-4
47.46636	-5.46856E-4
47.48312	-5.45989E-4
47.49989	-5.4556E-4
47.51508	-5.46009E-4
47.53452	-5.45252E-4
47.5511	-5.46276E-4
47.56552	-5.46818E-4
47.58176	-5.47452E-4
47.5998	-5.46734E-4
47.61702	-5.46377E-4
47.63251	-5.4572E-4
47.6491	-5.46198E-4
47.66834	-5.45353E-4
47.68647	-5.45204E-4
47.69968	-5.46816E-4
47.71491	-5.48298E-4
47.73576	-5.47304E-4
47.75113	-5.46664E-4
47.76735	-5.47268E-4
47.78394	-5.47848E-4
47.7986	-5.48872E-4
47.81621	-5.47974E-4
47.83322	-5.46792E-4
47.84745	-5.46549E-4
47.86446	-5.4519E-4
47.8804	-5.44676E-4
47.89642	-5.44488E-4
47.91425	-5.45012E-4
47.92869	-5.44498E-4
47.9468	-5.44899E-4
47.96541	-5.44739E-4
47.98422	-5.44452E-4
47.99745	-5.45624E-4
48.01396	-5.45921E-4
48.03045	-5.46437E-4
48.04669	-5.4578E-4
48.06528	-5.47288E-4
48.08095	-5.47954E-4
48.09741	-5.45883E-4
48.11481	-5.457E-4
48.13033	-5.4525E-4
48.14924	-5.44799E-4
48.16716	-5.45385E-4
48.18233	-5.44955E-4
48.19717	-5.45564E-4
48.21501	-5.45788E-4
48.23215	-5.45214E-4
48.24829	-5.46493E-4
48.26458	-5.45228E-4
48.27937	-5.45032E-4
48.29628	-5.43779E-4
48.31379	-5.44873E-4
48.3304	-5.45694E-4
48.34541	-5.45156E-4
48.36292	-5.45295E-4
48.37884	-5.45969E-4
48.39208	-5.45676E-4
48.41005	-5.46278E-4
48.42894	-5.46758E-4
48.44544	-5.45515E-4
48.46528	-5.44381E-4
48.4807	-5.45082E-4
48.49809	-5.45451E-4
48.51535	-5.43811E-4
48.53189	-5.4465E-4
48.54483	-5.43731E-4
48.56344	-5.43707E-4
48.58194	-5.43898E-4
48.59862	-5.4557E-4
48.61464	-5.44209E-4
48.6292	-5.44767E-4
48.64432	-5.45592E-4
48.66135	-5.44919E-4
48.67929	-5.4518E-4
48.69693	-5.45804E-4
48.71405	-5.45166E-4
48.73008	-5.45212E-4
48.74621	-5.45224E-4
48.76329	-5.46071E-4
48.78154	-5.46363E-4
48.79605	-5.45345E-4
48.81337	-5.45293E-4
48.83038	-5.45736E-4
48.84739	-5.44819E-4
48.86256	-5.44237E-4
48.87717	-5.43697E-4
48.89807	-5.43763E-4
48.914	-5.45078E-4
48.93159	-5.447E-4
48.94415	-5.44393E-4
48.96132	-5.44777E-4
48.97669	-5.46702E-4
48.99531	-5.43518E-4
49.01107	-5.42884E-4
49.02881	-5.44454E-4
49.04398	-5.43994E-4
49.05899	-5.44345E-4
49.07588	-5.44855E-4
49.09009	-5.4504E-4
49.10557	-5.45373E-4
49.12236	-5.44411E-4
49.13961	-5.45138E-4
49.15858	-5.44586E-4
49.17529	-5.4409E-4
49.19187	-5.4448E-4
49.21164	-5.44544E-4
49.22817	-5.4307E-4
49.24192	-5.44694E-4
49.25794	-5.45702E-4
49.2762	-5.44421E-4
49.29203	-5.43201E-4
49.30722	-5.44361E-4
49.32364	-5.44273E-4
49.33967	-5.44187E-4
49.35742	-5.43452E-4
49.37465	-5.42637E-4
49.39087	-5.43432E-4
49.40811	-5.43974E-4
49.42276	-5.43845E-4
49.43854	-5.29409E-4
49.45747	-5.14318E-4
49.47616	-5.14167E-4
49.49058	-5.15217E-4
49.50804	-5.18244E-4
49.52377	-5.22602E-4
49.53803	-5.2479E-4
49.55505	-5.26857E-4
49.57531	-5.28481E-4
49.59028	-5.30529E-4
49.60646	-5.31334E-4
49.62251	-5.30924E-4
49.63795	-5.33483E-4
49.65478	-5.39813E-4
49.67295	-5.43817E-4
49.68929	-5.44729E-4
49.7043	-5.46644E-4
49.72189	-5.45853E-4
49.73936	-5.4518E-4
49.75626	-5.45993E-4
49.77437	-5.45907E-4
49.79073	-5.45535E-4
49.8052	-5.45202E-4
49.82255	-5.45435E-4
49.83875	-5.45062E-4
49.85666	-5.44947E-4
49.87406	-5.4301E-4
49.89103	-5.43217E-4
49.90682	-5.4402E-4
49.92498	-5.44598E-4
49.94089	-5.43982E-4
49.95655	-5.43657E-4
49.97215	-5.43757E-4
49.98968	-5.44718E-4
50.00809	-5.44867E-4
50.02326	-5.4395E-4
50.04017	-5.43767E-4
50.05765	-5.44572E-4
50.07399	-5.45756E-4
50.09051	-5.44991E-4
50.1053	-5.45246E-4
50.12258	-5.44472E-4
50.14061	-5.44466E-4
50.15825	-5.45301E-4
50.17521	-5.46126E-4
50.19084	-5.46369E-4
50.20631	-5.43994E-4
50.22516	-5.44391E-4
50.23792	-5.44052E-4
50.25574	-5.43223E-4
50.27393	-5.42526E-4
50.28832	-5.43081E-4
50.30876	-5.43048E-4
50.32431	-5.4351E-4
50.33894	-5.43881E-4
50.35867	-5.43468E-4
50.37456	-5.44379E-4
50.39097	-5.42707E-4
50.40735	-5.42015E-4
50.4197	-5.42593E-4
50.43478	-5.43956E-4
50.45498	-5.44841E-4
50.47035	-5.44122E-4
50.487	-5.44333E-4
50.50317	-5.44191E-4
50.52113	-5.43289E-4
50.54058	-5.43554E-4
50.55844	-5.4243E-4
50.57308	-5.42741E-4
50.59008	-5.42781E-4
50.60529	-5.41439E-4
50.62149	-5.42828E-4
50.63756	-5.42771E-4
50.65263	-5.4235E-4
50.67018	-5.40969E-4
50.68705	-5.42685E-4
50.70364	-5.41437E-4
50.72048	-5.43482E-4
50.73679	-5.44881E-4
50.75423	-5.42791E-4
50.77238	-5.43622E-4
50.78708	-5.44666E-4
50.8055	-5.43034E-4
50.81903	-5.4142E-4
50.83629	-5.42386E-4
50.85487	-5.42316E-4
50.86949	-5.41288E-4
50.88671	-5.41697E-4
50.90224	-5.4234E-4
50.91703	-5.42524E-4
50.93594	-5.42761E-4
50.95341	-5.42384E-4
50.96684	-5.43151E-4
50.98368	-5.42994E-4
51.00099	-5.43406E-4
51.01765	-5.43277E-4
51.03639	-5.43719E-4
51.05393	-5.4301E-4
51.07263	-5.42462E-4
51.08932	-5.42037E-4
51.10568	-5.43191E-4
51.11985	-5.43869E-4
51.13646	-5.44775E-4
51.15541	-5.43181E-4
51.17073	-5.41593E-4
51.18697	-5.43145E-4
51.20287	-5.43291E-4
51.22051	-5.44558E-4
51.23838	-5.43614E-4
51.25134	-5.45206E-4
51.26991	-5.44714E-4
51.28694	-5.42723E-4
51.30361	-5.42799E-4
51.32125	-5.41854E-4
51.33927	-5.41561E-4
51.35596	-5.42398E-4
51.37217	-5.41603E-4
51.38715	-5.41143E-4
51.40479	-5.40905E-4
51.42336	-5.41679E-4
51.43958	-5.42466E-4
51.45455	-5.41517E-4
51.47113	-5.41559E-4
51.48741	-5.43141E-4
51.50423	-5.4457E-4
51.52158	-5.44267E-4
51.53918	-5.44652E-4
51.55513	-5.45407E-4
51.57041	-5.44315E-4
51.58616	-5.44775E-4
51.602	-5.4296E-4
51.61971	-5.42749E-4
51.63613	-5.4294E-4
51.65211	-5.42324E-4
51.6694	-5.41515E-4
51.68783	-5.42474E-4
51.7049	-5.4347E-4
51.71801	-5.43301E-4
51.73718	-5.43143E-4
51.75432	-5.41716E-4
51.76905	-5.41334E-4
51.787	-5.41479E-4
51.80197	-5.41505E-4
51.82025	-5.41334E-4
51.83446	-5.41758E-4
51.85111	-5.41075E-4
51.868	-5.41786E-4
51.8857	-5.40947E-4
51.90416	-5.40724E-4
51.91866	-5.39997E-4
51.93393	-5.3966E-4
51.95242	-5.38984E-4
51.96893	-5.3966E-4
51.9839	-5.38831E-4
52.00105	-5.40533E-4
52.01642	-5.41762E-4
52.03259	-5.39797E-4
52.05125	-5.38885E-4
52.06935	-5.38181E-4
52.08525	-5.39162E-4
52.10122	-5.40712E-4
52.11791	-5.41013E-4
52.13582	-5.41388E-4
52.15384	-5.40367E-4
52.16858	-5.40937E-4
52.18613	-5.40903E-4
52.20111	-5.41216E-4
52.21688	-5.40947E-4
52.23346	-5.41926E-4
52.24942	-5.41067E-4
52.2663	-5.39283E-4
52.28325	-5.38482E-4
52.29943	-5.40224E-4
52.31537	-5.35627E-4
52.33492	-5.14665E-4
52.35071	-5.06561E-4
52.36627	-5.08067E-4
52.38424	-5.13033E-4
52.40002	-5.15572E-4
52.41831	-5.17489E-4
52.43239	-5.21152E-4
52.45009	-5.23489E-4
52.46671	-5.24408E-4
52.48467	-5.27174E-4
52.50077	-5.27606E-4
52.51931	-5.28405E-4
52.53425	-5.29089E-4
52.55042	-5.34331E-4
52.5668	-5.37149E-4
52.58218	-5.3907E-4
52.59912	-5.40786E-4
52.6149	-5.39827E-4
52.63144	-5.40078E-4
52.64993	-5.40921E-4
52.66565	-5.40806E-4
52.68231	-5.40838E-4
52.70034	-5.40439E-4
52.71742	-5.39991E-4
52.73258	-5.39851E-4
52.74974	-5.39807E-4
52.76822	-5.40031E-4
52.78186	-5.39913E-4
52.79991	-5.39158E-4
52.81541	-5.38016E-4
52.83245	-5.38588E-4
52.848	-5.39668E-4
52.86554	-5.37892E-4
52.88372	-5.38367E-4
52.89971	-5.39347E-4
52.91465	-5.40246E-4
52.93298	-5.40794E-4
52.94933	-5.39965E-4
52.96429	-5.39764E-4
52.98138	-5.39895E-4
52.99713	-5.39694E-4
53.01224	-5.3907E-4
53.02673	-5.37759E-4
53.04507	-5.38644E-4
53.06259	-5.38624E-4
53.07735	-5.37568E-4
53.09649	-5.37781E-4
53.11375	-5.37201E-4
53.12936	-5.37179E-4
53.14681	-5.3853E-4
53.16495	-5.39431E-4
53.17956	-5.3863E-4
53.1962	-5.38518E-4
53.21247	-5.37203E-4
53.23036	-5.37524E-4
53.24449	-5.38965E-4
53.26073	-5.39778E-4
53.27842	-5.40788E-4
53.29767	-5.3957E-4
53.31238	-5.39913E-4
53.33095	-5.4086E-4
53.34674	-5.41308E-4
53.36311	-5.39202E-4
53.37817	-5.37121E-4
53.39584	-5.3692E-4
53.41345	-5.36553E-4
53.43186	-5.36956E-4
53.44483	-5.368E-4
53.46116	-5.37446E-4
53.47937	-5.37707E-4
53.49771	-5.36804E-4
53.51288	-5.38223E-4
53.52833	-5.36675E-4
53.54443	-5.36816E-4
53.56158	-5.37018E-4
53.57945	-5.35433E-4
53.59685	-5.36165E-4
53.61041	-5.36105E-4
53.62825	-5.37203E-4
53.6453	-5.39566E-4
53.66258	-5.37474E-4
53.67814	-5.36486E-4
53.69599	-5.35669E-4
53.71214	-5.3528E-4
53.72796	-5.38092E-4
53.74444	-5.37542E-4
53.76056	-5.38309E-4
53.77874	-5.38486E-4
53.79477	-5.38209E-4
53.81266	-5.37348E-4
53.82904	-5.37299E-4
53.84458	-5.37825E-4
53.86266	-5.36531E-4
53.87893	-5.35928E-4
53.89228	-5.35985E-4
53.91097	-5.36167E-4
53.92874	-5.36856E-4
53.94427	-5.36671E-4
53.96038	-5.36438E-4
53.97903	-5.37285E-4
53.99562	-5.37741E-4
54.00964	-5.37354E-4
54.02755	-5.36737E-4
54.04381	-5.37797E-4
54.05916	-5.38837E-4
54.07831	-5.38576E-4
54.09495	-5.38578E-4
54.1123	-5.39002E-4
54.1286	-5.38508E-4
54.14469	-5.35581E-4
54.16023	-5.36302E-4
54.17547	-5.36982E-4
54.19458	-5.36163E-4
54.21261	-5.36027E-4
54.22927	-5.37454E-4
54.24376	-5.39092E-4
54.2595	-5.37313E-4
54.27722	-5.36167E-4
54.29329	-5.37801E-4
54.30907	-5.37388E-4
54.32516	-5.36498E-4
54.33989	-5.37388E-4
54.35752	-5.3746E-4
54.37416	-5.38259E-4
54.3913	-5.38707E-4
54.40677	-5.37309E-4
54.42353	-5.37496E-4
54.43988	-5.37215E-4
54.45804	-5.37253E-4
54.47173	-5.36926E-4
54.48773	-5.3749E-4
54.5064	-5.36543E-4
54.5239	-5.35886E-4
54.54052	-5.37201E-4
54.55806	-5.36597E-4
54.57314	-5.36362E-4
54.58952	-5.35836E-4
54.60731	-5.35822E-4
54.62425	-5.35824E-4
54.6419	-5.37267E-4
54.65674	-5.38171E-4
54.67375	-5.39134E-4
54.69115	-5.38751E-4
54.70727	-5.37404E-4
54.72016	-5.37059E-4
54.73861	-5.36639E-4
54.75671	-5.37125E-4
54.77369	-5.37141E-4
54.79183	-5.36041E-4
54.80601	-5.35242E-4
54.82282	-5.35457E-4
54.83881	-5.36424E-4
54.85725	-5.37566E-4
54.87398	-5.36986E-4
54.88878	-5.37217E-4
54.90712	-5.37334E-4
54.9245	-5.36195E-4
54.94098	-5.36743E-4
54.95537	-5.3626E-4
54.97285	-5.3575E-4
54.99013	-5.34515E-4
55.00654	-5.34088E-4
55.02416	-5.35069E-4
55.04207	-5.34616E-4
55.05851	-5.35942E-4
55.07364	-5.36376E-4
55.08976	-5.36101E-4
55.10655	-5.35055E-4
55.12417	-5.35457E-4
55.13977	-5.36165E-4
55.15435	-5.3572E-4
55.17212	-5.36406E-4
55.19265	-5.36137E-4
55.20578	-5.36007E-4
55.224	-5.3413E-4
55.24075	-5.33883E-4
55.25805	-5.30719E-4
55.27269	-5.11899E-4
55.2897	-5.01946E-4
55.30643	-5.00142E-4
55.32305	-5.03085E-4
55.34235	-5.06878E-4
55.35904	-5.11021E-4
55.37421	-5.13962E-4
55.39216	-5.15899E-4
55.40989	-5.19069E-4
55.42386	-5.20261E-4
55.43837	-5.22746E-4
55.45542	-5.24069E-4
55.47282	-5.23722E-4
55.48863	-5.26438E-4
55.50556	-5.30808E-4
55.52391	-5.32685E-4
55.53914	-5.34895E-4
55.55302	-5.35447E-4
55.57295	-5.36703E-4
55.59107	-5.36217E-4
55.60636	-5.35712E-4
55.61944	-5.36765E-4
55.63731	-5.36063E-4
55.65492	-5.34335E-4
55.67203	-5.33229E-4
55.68854	-5.32632E-4
55.70484	-5.32438E-4
55.7215	-5.35655E-4
55.7362	-5.35688E-4
55.75356	-5.33925E-4
55.77081	-5.32261E-4
55.78812	-5.32933E-4
55.80303	-5.33309E-4
55.82124	-5.33783E-4
55.8357	-5.33799E-4
55.85176	-5.33257E-4
55.86978	-5.33395E-4
55.88616	-5.33488E-4
55.90342	-5.32157E-4
55.92095	-5.32992E-4
55.93829	-5.3252E-4
55.95357	-5.32978E-4
55.97016	-5.32942E-4
55.98689	-5.32944E-4
56.00334	-5.34427E-4
56.01916	-5.34856E-4
56.03794	-5.35296E-4
56.05488	-5.3461E-4
56.07109	-5.33686E-4
56.08632	-5.31085E-4
56.10346	-5.31833E-4
56.12006	-5.32984E-4
56.13803	-5.31986E-4
56.15365	-5.31575E-4
56.17037	-5.33299E-4
56.18421	-5.33449E-4
56.20241	-5.33341E-4
56.22013	-5.32333E-4
56.23616	-5.31548E-4
56.25225	-5.31328E-4
56.27016	-5.31522E-4
56.28739	-5.31958E-4
56.30331	-5.32303E-4
56.31932	-5.31418E-4
56.33724	-5.32757E-4
56.35235	-5.31673E-4
56.36916	-5.30394E-4
56.38601	-5.31358E-4
56.4019	-5.3146E-4
56.41642	-5.32546E-4
56.43391	-5.32012E-4
56.45059	-5.31384E-4
56.46917	-5.30232E-4
56.48561	-5.30691E-4
56.50422	-5.319E-4
56.5194	-5.31408E-4
56.53429	-5.314E-4
56.55296	-5.31157E-4
56.56949	-5.30199E-4
56.586	-5.2986E-4
56.60297	-5.29676E-4
56.61976	-5.31332E-4
56.63648	-5.31364E-4
56.65432	-5.30774E-4
56.67031	-5.31085E-4
56.68813	-5.3138E-4
56.70394	-5.32096E-4
56.71969	-5.33114E-4
56.73735	-5.32648E-4
56.75484	-5.32711E-4
56.77205	-5.33012E-4
56.78799	-5.31474E-4
56.80239	-5.31522E-4
56.82088	-5.31934E-4
56.83625	-5.30346E-4
56.85047	-5.30705E-4
56.87028	-5.3021E-4
56.88638	-5.30394E-4
56.90381	-5.29591E-4
56.91797	-5.28742E-4
56.93358	-5.29108E-4
56.95005	-5.29796E-4
56.96483	-5.29985E-4
56.9806	-5.28389E-4
56.99969	-5.29501E-4
57.01564	-5.30695E-4
57.03172	-5.30456E-4
57.04788	-5.3142E-4
57.06507	-5.31908E-4
57.08159	-5.32203E-4
57.09776	-5.31273E-4
57.11533	-5.30013E-4
57.12969	-5.29832E-4
57.14773	-5.3131E-4
57.16651	-5.31892E-4
57.18332	-5.30181E-4
57.19845	-5.31153E-4
57.21428	-5.30316E-4
57.23417	-5.31221E-4
57.25006	-5.33002E-4
57.26557	-5.32548E-4
57.28123	-5.3093E-4
57.29958	-5.29782E-4
57.31584	-5.29346E-4
57.33069	-5.29595E-4
57.34589	-5.31231E-4
57.3628	-5.31575E-4
57.37976	-5.30414E-4
57.39597	-5.30886E-4
57.41188	-5.2932E-4
57.42699	-5.3037E-4
57.44669	-5.31273E-4
57.46208	-5.32468E-4
57.47952	-5.31994E-4
57.49799	-5.31966E-4
57.51382	-5.32488E-4
57.5316	-5.31687E-4
57.54674	-5.31914E-4
57.56582	-5.32315E-4
57.58323	-5.31996E-4
57.59815	-5.30902E-4
57.61507	-5.29995E-4
57.63037	-5.29029E-4
57.64851	-5.29059E-4
57.66525	-5.31023E-4
57.68217	-5.31269E-4
57.69824	-5.30657E-4
57.71364	-5.3022E-4
57.73155	-5.31691E-4
57.74699	-5.31944E-4
57.75983	-5.30766E-4
57.77815	-5.31436E-4
57.79728	-5.30392E-4
57.81446	-5.31723E-4
57.82874	-5.30924E-4
57.84833	-5.30551E-4
57.86495	-5.29808E-4
57.8801	-5.2987E-4
57.89606	-5.29643E-4
57.91241	-5.30832E-4
57.92899	-5.3085E-4
57.94469	-5.30954E-4
57.96036	-5.30818E-4
57.97585	-5.31434E-4
57.99483	-5.29896E-4
58.01267	-5.28236E-4
58.03192	-5.28272E-4
58.04847	-5.28325E-4
58.06322	-5.26402E-4
58.07721	-5.26402E-4
58.09541	-5.27307E-4
58.11217	-5.2754E-4
58.12937	-5.27678E-4
58.14344	-5.2716E-4
58.16193	-5.27997E-4
58.17645	-5.29664E-4
58.19681	-5.30336E-4
58.21288	-5.31077E-4
58.22988	-5.29198E-4
58.24862	-5.15721E-4
58.26404	-5.01188E-4
58.28241	-4.97179E-4
58.29816	-4.9908E-4
58.31269	-5.02619E-4
58.32989	-5.06941E-4
58.34651	-5.10564E-4
58.36234	-5.11138E-4
58.37736	-5.12443E-4
58.395	-5.1554E-4
58.41184	-5.15277E-4
58.42784	-5.17244E-4
58.44544	-5.19523E-4
58.46305	-5.19444E-4
58.47934	-5.22285E-4
58.49768	-5.27441E-4
58.51385	-5.29902E-4
58.53003	-5.29589E-4
58.54728	-5.2771E-4
58.56397	-5.28236E-4
58.57926	-5.28431E-4
58.59482	-5.2877E-4
58.6092	-5.28861E-4
58.62662	-5.27833E-4
58.64547	-5.27847E-4
58.66106	-5.28678E-4
58.6774	-5.27837E-4
58.6936	-5.27596E-4
58.71032	-5.28776E-4
58.72774	-5.28558E-4
58.74523	-5.26657E-4
58.76288	-5.28385E-4
58.77505	-5.29389E-4
58.79342	-5.29461E-4
58.81154	-5.28337E-4
58.82784	-5.27544E-4
58.84487	-5.26863E-4
58.86074	-5.27684E-4
58.87605	-5.27977E-4
58.89334	-5.27008E-4
58.91015	-5.27094E-4
58.92755	-5.29794E-4
58.94532	-5.29232E-4
58.96118	-5.28311E-4
58.97895	-5.25599E-4
58.99468	-5.2594E-4
59.01325	-5.26185E-4
59.03037	-5.25741E-4
59.0445	-5.26596E-4
59.06201	-5.27297E-4
59.07792	-5.28208E-4
59.09362	-5.27845E-4
59.11205	-5.2709E-4
59.1293	-5.27594E-4
59.14471	-5.28248E-4
59.16179	-5.28596E-4
59.17826	-5.30284E-4
59.19436	-5.30756E-4
59.2095	-5.30466E-4
59.22692	-5.29029E-4
59.24352	-5.27349E-4
59.25841	-5.25498E-4
59.27484	-5.25789E-4
59.29327	-5.27528E-4
59.31117	-5.27265E-4
59.32685	-5.28885E-4
59.34299	-5.28289E-4
59.36099	-5.26827E-4
59.37912	-5.27301E-4
59.39285	-5.28046E-4
59.40902	-5.28833E-4
59.42759	-5.28435E-4
59.44325	-5.26353E-4
59.45795	-5.27271E-4
59.47467	-5.28176E-4
59.49363	-5.265E-4
59.50834	-5.26831E-4
59.52451	-5.27203E-4
59.54085	-5.27267E-4
59.55656	-5.28766E-4
59.57431	-5.28106E-4
59.58866	-5.27331E-4
59.60311	-5.2692E-4
59.62265	-5.26082E-4
59.63908	-5.25567E-4
59.65728	-5.27287E-4
59.67337	-5.26829E-4
59.69097	-5.25219E-4
59.70754	-5.2325E-4
59.72257	-5.23184E-4
59.73948	-5.24822E-4
59.75834	-5.25974E-4
59.7733	-5.2653E-4
59.78842	-5.26871E-4
59.80706	-5.26183E-4
59.82442	-5.26117E-4
59.83957	-5.2713E-4
59.85502	-5.25932E-4
59.87026	-5.25434E-4
59.88853	-5.25826E-4
59.90477	-5.26133E-4
59.91863	-5.25665E-4
59.93867	-5.24565E-4
59.95622	-5.25573E-4
59.97266	-5.25484E-4
59.98831	-5.25416E-4
