temp	cp
5.68464	-6.50609E-4
5.70198	-6.51669E-4
5.71765	-6.51681E-4
5.73506	-6.51928E-4
5.75217	-6.52069E-4
5.76861	-6.52771E-4
5.78509	-6.51826E-4
5.80178	-6.51577E-4
5.82063	-6.51376E-4
5.83687	-6.5018E-4
5.8505	-6.51214E-4
5.86658	-6.50625E-4
5.88433	-6.48937E-4
5.90285	-6.49688E-4
5.91688	-6.49854E-4
5.93287	-6.50487E-4
5.95047	-6.50121E-4
5.96753	-6.50023E-4
5.98359	-6.4864E-4
6.00056	-6.47943E-4
6.01723	-6.47684E-4
6.0341	-6.48813E-4
6.04916	-6.49076E-4
6.06771	-6.47825E-4
6.08564	-6.48222E-4
6.10127	-6.48022E-4
6.11672	-6.48525E-4
6.13437	-6.49092E-4
6.15133	-6.4713E-4
6.1671	-6.47172E-4
6.18347	-6.47879E-4
6.20056	-6.4749E-4
6.21825	-6.47237E-4
6.23584	-6.46102E-4
6.2512	-6.46311E-4
6.26585	-6.47124E-4
6.28088	-6.47178E-4
6.30007	-6.45394E-4
6.31509	-6.46446E-4
6.33001	-6.46375E-4
6.34651	-6.4613E-4
6.36591	-6.45283E-4
6.38045	-6.45354E-4
6.396	-6.46369E-4
6.41498	-6.45777E-4
6.43231	-6.45619E-4
6.44739	-6.45488E-4
6.46409	-6.46116E-4
6.48328	-6.46086E-4
6.49883	-6.45271E-4
6.51651	-6.43992E-4
6.53265	-6.43629E-4
6.54943	-6.45442E-4
6.56579	-6.43962E-4
6.58352	-6.44649E-4
6.59906	-6.45693E-4
6.61826	-6.4755E-4
6.63178	-6.47823E-4
6.64668	-6.46116E-4
6.66455	-6.47088E-4
6.68367	-6.45697E-4
6.6987	-6.44215E-4
6.7159	-6.4506E-4
6.73258	-6.45438E-4
6.74822	-6.45414E-4
6.76659	-6.45167E-4
6.78302	-6.44603E-4
6.79871	-6.44992E-4
6.81564	-6.43878E-4
6.83338	-6.4484E-4
6.84909	-6.45299E-4
6.86428	-6.44322E-4
6.87987	-6.42971E-4
6.89597	-6.42898E-4
6.91402	-6.42563E-4
6.92823	-6.42404E-4
6.94558	-6.43372E-4
6.9635	-6.43119E-4
6.98023	-6.44151E-4
6.99547	-6.43436E-4
7.01292	-6.43988E-4
7.02959	-6.41975E-4
7.04579	-6.41375E-4
7.06501	-6.4115E-4
7.08112	-6.41349E-4
7.09677	-6.42127E-4
7.11266	-6.41453E-4
7.13152	-6.41766E-4
7.14666	-6.4346E-4
7.16302	-6.42043E-4
7.18057	-6.42073E-4
7.19779	-6.41308E-4
7.21238	-6.4109E-4
7.2319	-6.42354E-4
7.24917	-6.41708E-4
7.26361	-6.41294E-4
7.27905	-6.40738E-4
7.29702	-6.4066E-4
7.3133	-6.41806E-4
7.33059	-6.40664E-4
7.34657	-6.39746E-4
7.36189	-6.39411E-4
7.37832	-6.38919E-4
7.39621	-6.39763E-4
7.41126	-6.41084E-4
7.4289	-6.39883E-4
7.44525	-6.40859E-4
7.46277	-6.41453E-4
7.4811	-6.41638E-4
7.49601	-6.41579E-4
7.51474	-6.40991E-4
7.52929	-6.396E-4
7.54497	-6.39759E-4
7.56396	-6.39411E-4
7.57969	-6.39094E-4
7.59501	-6.3961E-4
7.61265	-6.40983E-4
7.62802	-6.39797E-4
7.64391	-6.39291E-4
7.66268	-6.39399E-4
7.67805	-6.40742E-4
7.69586	-6.39072E-4
7.71101	-6.39178E-4
7.72846	-6.3972E-4
7.74441	-6.39307E-4
7.76079	-6.38751E-4
7.77952	-6.38903E-4
7.79402	-6.39933E-4
7.80968	-6.39196E-4
7.82782	-6.39074E-4
7.84238	-6.39395E-4
7.86226	-6.38399E-4
7.87871	-6.37038E-4
7.8951	-6.3761E-4
7.91104	-6.36587E-4
7.92796	-6.36719E-4
7.94409	-6.36832E-4
7.96035	-6.39116E-4
7.97732	-6.39317E-4
7.99355	-6.37817E-4
8.01202	-6.36785E-4
8.03006	-6.3477E-4
8.04442	-6.36737E-4
8.06027	-6.38036E-4
8.07735	-6.37331E-4
8.09264	-6.36731E-4
8.11054	-6.36956E-4
8.12574	-6.37285E-4
8.14388	-6.37235E-4
8.16135	-6.37729E-4
8.17742	-6.38301E-4
8.19416	-6.38211E-4
8.20877	-6.37398E-4
8.22501	-6.35896E-4
8.24038	-6.35454E-4
8.25915	-6.34806E-4
8.27783	-6.35547E-4
8.29138	-6.36924E-4
8.30864	-6.35336E-4
8.32988	-6.36033E-4
8.34595	-6.36193E-4
8.36125	-6.35818E-4
8.378	-6.35719E-4
8.39472	-6.35741E-4
8.41317	-6.35593E-4
8.42725	-6.35671E-4
8.4442	-6.35121E-4
8.45961	-6.34928E-4
8.47791	-6.35163E-4
8.49513	-6.34655E-4
8.50952	-6.35422E-4
8.52588	-6.34946E-4
8.54406	-6.34457E-4
8.56181	-6.35701E-4
8.57685	-6.35135E-4
8.59132	-6.34585E-4
8.60771	-6.34766E-4
8.62593	-6.35003E-4
8.6427	-6.35615E-4
8.66139	-6.37235E-4
8.6763	-6.37356E-4
8.6906	-6.35834E-4
8.70606	-6.34752E-4
8.72502	-6.34912E-4
8.74343	-6.35358E-4
8.76075	-6.35115E-4
8.7762	-6.34382E-4
8.79174	-6.33393E-4
8.80784	-6.34192E-4
8.82709	-6.32812E-4
8.84247	-6.33033E-4
8.85921	-6.33194E-4
8.87413	-6.32594E-4
8.8918	-6.32933E-4
8.90985	-6.3318E-4
8.92561	-6.32531E-4
8.94137	-6.3281E-4
8.95727	-6.34033E-4
8.97448	-6.33437E-4
8.99179	-6.3214E-4
9.0103	-6.31843E-4
9.02644	-6.30783E-4
9.04235	-6.32686E-4
9.05868	-6.3161E-4
9.07612	-6.29863E-4
9.09155	-6.30817E-4
9.10948	-6.31028E-4
9.12598	-6.30797E-4
9.14368	-6.30518E-4
9.15996	-6.30835E-4
9.17699	-6.3016E-4
9.19538	-6.30711E-4
9.21088	-6.31522E-4
9.2268	-6.31094E-4
9.24284	-6.3052E-4
9.26233	-6.29247E-4
9.27873	-6.29237E-4
9.29333	-6.30267E-4
9.31108	-6.29767E-4
9.32795	-6.31455E-4
9.34388	-6.31239E-4
9.3615	-6.30572E-4
9.37792	-6.29042E-4
9.39306	-6.29831E-4
9.41029	-6.30472E-4
9.42592	-6.30171E-4
9.44703	-6.29088E-4
9.46524	-6.30046E-4
9.48159	-6.29261E-4
9.49766	-6.27021E-4
9.51252	-6.27105E-4
9.53007	-6.28117E-4
9.54665	-6.29329E-4
9.56267	-6.2837E-4
9.57616	-6.29018E-4
9.59434	-6.29516E-4
9.61113	-6.29837E-4
9.62955	-6.28285E-4
9.6478	-6.27761E-4
9.65928	-6.28546E-4
9.67628	-6.27681E-4
9.69393	-6.25808E-4
9.70933	-6.24389E-4
9.72664	-6.25324E-4
9.74383	-6.26165E-4
9.76182	-6.26336E-4
9.77798	-6.26441E-4
9.79435	-6.2693E-4
9.81193	-6.25931E-4
9.82825	-6.25854E-4
9.84323	-6.2518E-4
9.85956	-6.24748E-4
9.87657	-6.26356E-4
9.89275	-6.27842E-4
9.90686	-6.27322E-4
9.92508	-6.27366E-4
9.94508	-6.27848E-4
9.96031	-6.25453E-4
9.97698	-6.25762E-4
9.99359	-6.25537E-4
10.00816	-6.25635E-4
10.0248	-6.2631E-4
10.04048	-6.2635E-4
10.05683	-6.26039E-4
10.07265	-6.24889E-4
10.0905	-6.25491E-4
10.10681	-6.25597E-4
10.12363	-6.25266E-4
10.14166	-6.25178E-4
10.15655	-6.25089E-4
10.17357	-6.2475E-4
10.19003	-6.24891E-4
10.20505	-6.24381E-4
10.22302	-6.25126E-4
10.24203	-6.25312E-4
10.26166	-6.24214E-4
10.27501	-6.24007E-4
10.292	-6.25362E-4
10.31055	-6.26631E-4
10.32845	-6.24311E-4
10.34465	-6.22821E-4
10.3603	-6.21988E-4
10.37703	-6.2257E-4
10.3935	-6.2372E-4
10.40734	-6.22096E-4
10.42418	-6.21323E-4
10.44129	-6.21562E-4
10.45825	-6.22998E-4
10.47472	-6.22118E-4
10.49222	-6.21897E-4
10.51011	-6.22275E-4
10.52606	-6.22112E-4
10.54376	-6.22682E-4
10.56075	-6.22446E-4
10.577	-6.20635E-4
10.59257	-6.21237E-4
10.60992	-6.19268E-4
10.62739	-6.20904E-4
10.64245	-6.2105E-4
10.66067	-6.21086E-4
10.6769	-6.20825E-4
10.69492	-6.20797E-4
10.71181	-6.19753E-4
10.72311	-6.21016E-4
10.74047	-6.20057E-4
10.75796	-6.19221E-4
10.77506	-6.19946E-4
10.78976	-6.19988E-4
10.8052	-6.19699E-4
10.82482	-6.19007E-4
10.84183	-6.18469E-4
10.85657	-6.19153E-4
10.87213	-6.19856E-4
10.89016	-6.193E-4
10.90525	-6.18782E-4
10.92567	-6.18734E-4
10.94249	-6.18276E-4
10.95702	-6.18828E-4
10.97259	-6.19031E-4
10.98894	-6.19318E-4
11.00629	-6.19506E-4
11.0239	-6.20265E-4
11.03807	-6.21333E-4
11.05543	-6.21299E-4
11.07362	-6.2091E-4
11.08806	-6.18707E-4
11.10503	-6.18007E-4
11.12133	-6.17822E-4
11.13687	-6.1574E-4
11.15329	-6.15507E-4
11.16744	-6.15072E-4
11.18446	-6.15333E-4
11.20401	-6.16068E-4
11.22148	-6.15483E-4
11.23835	-6.16172E-4
11.25323	-6.16124E-4
11.27073	-6.17393E-4
11.28652	-6.17762E-4
11.30436	-6.14743E-4
11.31929	-6.14331E-4
11.3375	-6.13582E-4
11.35487	-6.13313E-4
11.37196	-6.14799E-4
11.38806	-6.14769E-4
11.40499	-6.14538E-4
11.41992	-6.14158E-4
11.43528	-6.15467E-4
11.45296	-6.15744E-4
11.46697	-6.14947E-4
11.48407	-6.13155E-4
11.50158	-6.14542E-4
11.51694	-6.15216E-4
11.5343	-6.15479E-4
11.55071	-6.14939E-4
11.56727	-6.14801E-4
11.58483	-6.14128E-4
11.60204	-6.12404E-4
11.62028	-6.11934E-4
11.63359	-6.11565E-4
11.65322	-6.12404E-4
11.66856	-6.14321E-4
11.68354	-6.13689E-4
11.70047	-6.13203E-4
11.71812	-6.12934E-4
11.73558	-6.12508E-4
11.751	-6.11621E-4
11.76704	-6.11667E-4
11.78299	-6.12809E-4
11.79998	-6.13287E-4
11.81709	-6.12197E-4
11.83334	-6.11358E-4
11.84982	-6.10942E-4
11.86808	-6.10314E-4
11.88551	-6.09543E-4
11.9015	-6.0931E-4
11.91795	-6.09401E-4
11.93428	-6.09477E-4
11.95026	-6.09148E-4
11.96774	-6.09738E-4
11.98231	-6.12303E-4
11.99878	-6.10997E-4
12.01715	-6.10876E-4
12.03622	-6.09724E-4
12.05098	-6.083E-4
12.06751	-6.08463E-4
12.08592	-6.08688E-4
12.10229	-6.07961E-4
12.11931	-6.06172E-4
12.13731	-6.07411E-4
12.15384	-6.07857E-4
12.16846	-6.05927E-4
12.18486	-6.06339E-4
12.20043	-6.07393E-4
12.21786	-6.0768E-4
12.23509	-6.0709E-4
12.25353	-6.06646E-4
12.2686	-6.07128E-4
12.28696	-6.06741E-4
12.30165	-6.07088E-4
12.32073	-6.07008E-4
12.33689	-6.06172E-4
12.35349	-6.06534E-4
12.36837	-6.06399E-4
12.38446	-6.07248E-4
12.40253	-6.06694E-4
12.41779	-6.06219E-4
12.43442	-6.06941E-4
12.45096	-6.05251E-4
12.46997	-6.05048E-4
12.48625	-6.05227E-4
12.50053	-6.04301E-4
12.51547	-6.04183E-4
12.53214	-6.04825E-4
12.55007	-6.05528E-4
12.56707	-6.05739E-4
12.58418	-6.04556E-4
12.60066	-6.03276E-4
12.61762	-6.02169E-4
12.63701	-6.03316E-4
12.6532	-6.03701E-4
12.66916	-6.02513E-4
12.68424	-6.0353E-4
12.69959	-6.0182E-4
12.71596	-6.02346E-4
12.73467	-6.01971E-4
12.7515	-6.01421E-4
12.76886	-6.00469E-4
12.78541	-6.00437E-4
12.80074	-6.01045E-4
12.81621	-6.00405E-4
12.83383	-6.00927E-4
12.85206	-6.01115E-4
12.86889	-6.0116E-4
12.88423	-5.99453E-4
12.89886	-5.98225E-4
12.91735	-5.99786E-4
12.93253	-5.99206E-4
12.94947	-5.98504E-4
12.96471	-5.98947E-4
12.98349	-5.99431E-4
12.998	-5.98395E-4
13.01484	-5.99662E-4
13.03141	-5.99622E-4
13.0485	-5.97944E-4
13.06391	-5.9744E-4
13.0809	-5.9705E-4
13.0988	-5.96444E-4
13.11485	-5.96119E-4
13.13057	-5.96809E-4
13.14902	-5.96115E-4
13.1668	-5.95689E-4
13.18152	-5.95986E-4
13.19736	-5.95E-4
13.21509	-5.9501E-4
13.23212	-5.95364E-4
13.24898	-5.95277E-4
13.26553	-5.94462E-4
13.28179	-5.95163E-4
13.29812	-5.96346E-4
13.31411	-5.94687E-4
13.33277	-5.95129E-4
13.34808	-5.9382E-4
13.36482	-5.91833E-4
13.38149	-5.92258E-4
13.39812	-5.93499E-4
13.41583	-5.93951E-4
13.4319	-5.93611E-4
13.44877	-5.91877E-4
13.46587	-5.92363E-4
13.48376	-5.93358E-4
13.50053	-5.93465E-4
13.5156	-5.94549E-4
13.53128	-5.93288E-4
13.5471	-5.92489E-4
13.56393	-5.90638E-4
13.58281	-5.88966E-4
13.59829	-5.90961E-4
13.6138	-5.90897E-4
13.62978	-5.92073E-4
13.64746	-5.91837E-4
13.66473	-5.90698E-4
13.68334	-5.90152E-4
13.69938	-5.90192E-4
13.71647	-5.89829E-4
13.73528	-5.8843E-4
13.75024	-5.86952E-4
13.76529	-5.86282E-4
13.78193	-5.8645E-4
13.79894	-5.86199E-4
13.81577	-5.8589E-4
13.83252	-5.86302E-4
13.8461	-5.85503E-4
13.86285	-5.85513E-4
13.88017	-5.84961E-4
13.89747	-5.86808E-4
13.91259	-5.87741E-4
13.93084	-5.86362E-4
13.94834	-5.86047E-4
13.96466	-5.8518E-4
13.98136	-5.85734E-4
13.99634	-5.85479E-4
14.01248	-5.83796E-4
14.02589	-5.81839E-4
14.04236	-5.81554E-4
14.05911	-5.80353E-4
14.077	-5.8058E-4
14.09104	-5.79968E-4
14.11052	-5.79874E-4
14.1254	-5.81207E-4
14.14354	-5.80183E-4
14.1611	-5.80851E-4
14.17474	-5.80191E-4
14.19316	-5.80608E-4
14.20907	-5.78898E-4
14.22508	-5.76951E-4
14.24256	-5.77649E-4
14.25975	-5.77991E-4
14.27667	-5.76379E-4
14.28989	-5.7632E-4
14.30811	-5.76477E-4
14.3274	-5.75449E-4
14.34241	-5.75901E-4
14.3579	-5.75933E-4
14.37615	-5.74807E-4
14.39104	-5.74307E-4
14.40812	-5.73803E-4
14.42575	-5.74136E-4
14.44169	-5.74335E-4
14.45769	-5.72994E-4
14.47523	-5.71203E-4
14.49133	-5.71683E-4
14.50561	-5.71821E-4
14.52381	-5.71605E-4
14.54117	-5.69732E-4
14.55769	-5.70796E-4
14.57312	-5.70739E-4
14.59026	-5.70747E-4
14.60905	-5.69551E-4
14.62154	-5.68647E-4
14.6399	-5.68878E-4
14.65694	-5.69517E-4
14.67174	-5.68085E-4
14.69027	-5.68712E-4
14.70569	-5.69079E-4
14.72292	-5.68294E-4
14.73946	-5.66861E-4
14.75443	-5.64223E-4
14.76945	-5.63588E-4
14.78865	-5.62531E-4
14.80666	-5.61641E-4
14.82308	-5.61362E-4
14.83933	-5.63032E-4
14.85633	-5.63105E-4
14.87082	-5.62185E-4
14.88665	-5.60951E-4
14.90447	-5.59509E-4
14.92335	-5.58672E-4
14.94132	-5.58116E-4
14.95823	-5.57194E-4
14.97203	-5.56966E-4
14.98973	-5.57136E-4
15.00544	-5.56126E-4
15.02228	-5.55829E-4
15.03708	-5.55438E-4
15.05433	-5.5495E-4
15.07188	-5.54589E-4
15.08807	-5.53515E-4
15.10633	-5.52959E-4
15.12386	-5.52139E-4
15.14016	-5.5012E-4
15.15337	-5.48596E-4
15.17243	-5.49094E-4
15.19019	-5.48658E-4
15.20574	-5.46486E-4
15.21992	-5.47271E-4
15.23739	-5.46701E-4
15.25362	-5.46273E-4
15.27228	-5.45994E-4
15.28805	-5.44469E-4
15.30654	-5.43363E-4
15.32245	-5.4434E-4
15.33974	-5.44188E-4
15.35409	-5.43079E-4
15.37126	-5.41002E-4
15.38809	-5.40082E-4
15.40439	-5.38988E-4
15.42107	-5.37864E-4
15.43788	-5.37143E-4
15.45598	-5.38031E-4
15.47048	-5.37406E-4
15.48884	-5.35722E-4
15.50512	-5.35184E-4
15.52107	-5.34371E-4
15.53599	-5.34353E-4
15.55246	-5.33313E-4
15.57032	-5.3158E-4
15.58593	-5.30498E-4
15.60452	-5.30205E-4
15.6205	-5.28278E-4
15.63671	-5.27051E-4
15.65165	-5.26242E-4
15.66915	-5.25644E-4
15.68927	-5.24297E-4
15.70389	-5.24209E-4
15.72048	-5.23404E-4
15.73519	-5.21129E-4
15.75328	-5.20075E-4
15.76908	-5.17018E-4
15.78756	-5.16763E-4
15.80429	-5.16331E-4
15.82181	-5.15229E-4
15.83902	-5.13667E-4
15.85405	-5.13587E-4
15.8693	-5.12551E-4
15.88548	-5.11403E-4
15.90175	-5.09224E-4
15.91843	-5.08957E-4
15.93573	-5.07393E-4
15.95131	-5.05763E-4
15.97036	-5.04266E-4
15.98808	-5.03541E-4
16.00391	-5.01064E-4
16.02059	-4.99303E-4
16.03712	-4.98964E-4
16.05203	-4.97563E-4
16.07027	-4.9797E-4
16.08627	-4.95495E-4
16.10287	-4.94415E-4
16.12045	-4.94085E-4
16.1375	-4.91315E-4
16.15109	-4.89695E-4
16.1697	-4.89051E-4
16.18534	-4.87762E-4
16.2023	-4.87708E-4
16.21955	-4.85869E-4
16.23505	-4.83168E-4
16.25167	-4.82823E-4
16.27105	-4.81213E-4
16.28782	-4.78473E-4
16.3037	-4.77927E-4
16.32055	-4.75482E-4
16.33593	-4.73934E-4
16.35292	-4.74167E-4
16.37003	-4.73689E-4
16.38696	-4.71103E-4
16.40362	-4.70059E-4
16.41843	-4.6918E-4
16.43513	-4.65775E-4
16.4502	-4.63766E-4
16.46827	-4.63701E-4
16.48604	-4.61652E-4
16.50236	-4.60764E-4
16.51964	-4.58616E-4
16.5355	-4.57163E-4
16.55174	-4.53935E-4
16.56856	-4.53636E-4
16.58687	-4.52194E-4
16.60113	-4.48826E-4
16.61825	-4.47499E-4
16.63611	-4.45702E-4
16.65069	-4.44029E-4
16.66748	-4.41034E-4
16.68414	-4.38964E-4
16.69957	-4.38029E-4
16.71762	-4.36616E-4
16.73364	-4.35156E-4
16.75082	-4.34245E-4
16.76944	-4.32755E-4
16.78506	-4.29513E-4
16.80199	-4.28802E-4
16.8178	-4.26516E-4
16.83467	-4.24358E-4
16.8512	-4.22414E-4
16.86697	-4.2081E-4
16.88533	-4.19423E-4
16.90217	-4.16898E-4
16.91778	-4.14513E-4
16.93374	-4.10867E-4
16.95087	-4.07745E-4
16.96944	-4.05824E-4
16.98321	-4.04266E-4
16.99812	-4.02817E-4
17.01425	-4.01415E-4
17.03305	-3.99E-4
17.05197	-3.98077E-4
17.0694	-3.97316E-4
17.08401	-3.95076E-4
17.10236	-3.92857E-4
17.11903	-3.91494E-4
17.13494	-3.89009E-4
17.1509	-3.85692E-4
17.16766	-3.82828E-4
17.18329	-3.80093E-4
17.20017	-3.77134E-4
17.2174	-3.7717E-4
17.23596	-3.7552E-4
17.25229	-3.74559E-4
17.26919	-3.70638E-4
17.28511	-3.68391E-4
17.30201	-3.68032E-4
17.31772	-3.64936E-4
17.33402	-3.61658E-4
17.35023	-3.59763E-4
17.36788	-3.58107E-4
17.38353	-3.55055E-4
17.39922	-3.53257E-4
17.4161	-3.52409E-4
17.43051	-3.49822E-4
17.44916	-3.46979E-4
17.4662	-3.44959E-4
17.48322	-3.42125E-4
17.50059	-3.39902E-4
17.51647	-3.37522E-4
17.53238	-3.37114E-4
17.54863	-3.35689E-4
17.56319	-3.3277E-4
17.58173	-3.31378E-4
17.59657	-3.28624E-4
17.6165	-3.27255E-4
17.63077	-3.26894E-4
17.6459	-3.24513E-4
17.66538	-3.21796E-4
17.68246	-3.19952E-4
17.69722	-3.1692E-4
17.7141	-3.12945E-4
17.73187	-3.11185E-4
17.74625	-3.09251E-4
17.76388	-3.07049E-4
17.78066	-3.06625E-4
17.79825	-3.0632E-4
17.81369	-3.03939E-4
17.831	-3.02562E-4
17.84733	-3.01043E-4
17.86347	-2.99298E-4
17.87802	-2.97475E-4
17.89367	-2.9553E-4
17.91072	-2.95399E-4
17.92884	-2.94183E-4
17.94548	-2.92071E-4
17.96228	-2.92021E-4
17.98024	-2.91045E-4
17.99882	-2.88606E-4
18.01371	-2.86596E-4
18.02843	-2.86598E-4
18.04655	-2.83812E-4
18.06211	-2.8333E-4
18.07928	-2.82886E-4
18.09747	-2.82065E-4
18.11577	-2.81078E-4
18.12948	-2.80682E-4
18.14643	-2.79712E-4
18.16288	-2.78755E-4
18.17883	-2.77213E-4
18.19702	-2.77147E-4
18.21447	-2.77107E-4
18.22806	-2.76241E-4
18.24569	-2.77034E-4
18.26191	-2.76418E-4
18.27764	-2.76914E-4
18.29461	-2.75818E-4
18.31026	-2.75322E-4
18.32855	-2.74107E-4
18.34538	-2.75101E-4
18.35975	-2.74545E-4
18.37715	-2.74131E-4
18.39354	-2.74551E-4
18.41104	-2.75499E-4
18.42809	-2.7534E-4
18.44349	-2.76549E-4
18.46171	-2.76793E-4
18.478	-2.76777E-4
18.49436	-2.77159E-4
18.51157	-2.76545E-4
18.52859	-2.77161E-4
18.54395	-2.78233E-4
18.56075	-2.79839E-4
18.57569	-2.81003E-4
18.59448	-2.81557E-4
18.61229	-2.8335E-4
18.62644	-2.83509E-4
18.64422	-2.85647E-4
18.66063	-2.86958E-4
18.67726	-2.87014E-4
18.69491	-2.88652E-4
18.71192	-2.91316E-4
18.72809	-2.91489E-4
18.74587	-2.93777E-4
18.76033	-2.9563E-4
18.77887	-2.95787E-4
18.79435	-2.97692E-4
18.80995	-2.98495E-4
18.8261	-3.01115E-4
18.84277	-3.02713E-4
18.85948	-3.04883E-4
18.87821	-3.05702E-4
18.89595	-3.07418E-4
18.91068	-3.10747E-4
18.92726	-3.11381E-4
18.94273	-3.13391E-4
18.95837	-3.16727E-4
18.97512	-3.18303E-4
18.99239	-3.20467E-4
19.00974	-3.22493E-4
19.0281	-3.23748E-4
19.04434	-3.26115E-4
19.0613	-3.29666E-4
19.07815	-3.32129E-4
19.09624	-3.33063E-4
19.11224	-3.35498E-4
19.12679	-3.36126E-4
19.14209	-3.38146E-4
19.16026	-3.41599E-4
19.1777	-3.4612E-4
19.19531	-3.48537E-4
19.21195	-3.49211E-4
19.2281	-3.50862E-4
19.24407	-3.54622E-4
19.2596	-3.58538E-4
19.27722	-3.60478E-4
19.29389	-3.63752E-4
19.30973	-3.65573E-4
19.32387	-3.68209E-4
19.3414	-3.70871E-4
19.36085	-3.73643E-4
19.37751	-3.75765E-4
19.3936	-3.77739E-4
19.40965	-3.80077E-4
19.4265	-3.83769E-4
19.44313	-3.85518E-4
19.45988	-3.887E-4
19.47566	-3.91809E-4
19.49317	-3.95003E-4
19.50814	-3.9727E-4
19.52582	-3.9944E-4
19.54287	-4.01889E-4
19.55858	-4.0432E-4
19.57587	-4.0701E-4
19.59166	-4.09759E-4
19.60902	-4.11246E-4
19.6233	-4.13802E-4
19.6391	-4.15089E-4
19.65729	-4.17143E-4
19.675	-4.1958E-4
19.6896	-4.21551E-4
19.70818	-4.24376E-4
19.72601	-4.28473E-4
19.74212	-4.29688E-4
19.75538	-4.30202E-4
19.77305	-4.32665E-4
19.7909	-4.36849E-4
19.80745	-4.37395E-4
19.82434	-4.40611E-4
19.83916	-4.41484E-4
19.85838	-4.44407E-4
19.87555	-4.4685E-4
19.89012	-4.48542E-4
19.90892	-4.50879E-4
19.92561	-4.5224E-4
19.94315	-4.54388E-4
19.95966	-4.56438E-4
19.97515	-4.58528E-4
19.99257	-4.60088E-4
20.00809	-4.62326E-4
20.02639	-4.63595E-4
20.04311	-4.66705E-4
20.05955	-4.67184E-4
20.07775	-4.69626E-4
20.09129	-4.71348E-4
20.10785	-4.72679E-4
20.125	-4.75759E-4
20.14035	-4.7724E-4
20.15826	-4.78792E-4
20.17474	-4.79647E-4
20.1912	-4.81105E-4
20.20846	-4.81898E-4
20.22336	-4.81717E-4
20.24188	-4.82697E-4
20.25714	-4.84429E-4
20.27494	-4.85403E-4
20.29237	-4.86915E-4
20.30619	-4.88804E-4
20.32073	-4.9008E-4
20.3391	-4.90301E-4
20.35877	-4.90496E-4
20.37359	-4.92206E-4
20.39192	-4.93626E-4
20.40717	-4.95188E-4
20.42256	-4.96725E-4
20.43704	-4.96438E-4
20.45264	-4.97171E-4
20.4718	-4.97322E-4
20.48834	-4.98217E-4
20.5039	-4.98881E-4
20.5221	-5.01658E-4
20.53961	-5.02326E-4
20.55664	-5.03738E-4
20.57154	-5.02933E-4
20.58676	-5.02686E-4
20.60426	-5.03716E-4
20.62157	-5.03653E-4
20.63825	-5.03019E-4
20.65519	-5.04617E-4
20.67017	-5.05424E-4
20.68563	-5.06157E-4
20.70249	-5.05828E-4
20.72095	-5.04894E-4
20.73872	-5.06163E-4
20.75364	-5.0652E-4
20.77028	-5.06681E-4
20.78633	-5.08295E-4
20.80394	-5.08749E-4
20.81984	-5.08795E-4
20.83767	-5.07948E-4
20.85216	-5.08202E-4
20.86911	-5.0765E-4
20.88693	-5.08198E-4
20.90229	-5.10202E-4
20.92058	-5.10838E-4
20.9365	-5.11125E-4
20.95376	-5.09742E-4
20.97171	-5.09094E-4
20.98758	-5.09174E-4
21.00193	-5.08419E-4
21.01887	-5.09305E-4
21.0376	-5.10296E-4
21.05495	-5.11021E-4
21.07269	-5.11555E-4
21.08993	-5.11109E-4
21.10507	-5.1064E-4
21.12144	-5.09499E-4
21.13607	-5.10377E-4
21.15252	-5.1027E-4
21.1667	-5.12384E-4
21.18593	-5.12467E-4
21.20442	-5.10591E-4
21.22042	-5.11509E-4
21.23588	-5.11344E-4
21.25245	-5.11174E-4
21.26896	-5.09889E-4
21.28721	-5.10517E-4
21.30357	-5.11718E-4
21.31895	-5.10708E-4
21.33623	-5.09626E-4
21.35214	-5.11328E-4
21.36962	-5.11392E-4
21.38581	-5.10913E-4
21.40189	-5.08997E-4
21.41911	-5.08863E-4
21.43657	-5.09491E-4
21.45228	-5.10379E-4
21.46965	-5.10712E-4
21.48783	-5.10284E-4
21.50408	-5.103E-4
21.51996	-5.10134E-4
21.53428	-5.1069E-4
21.55337	-5.10505E-4
21.56926	-5.09977E-4
21.58374	-5.09164E-4
21.6027	-5.09381E-4
21.61961	-5.10527E-4
21.63371	-5.1082E-4
21.65195	-5.09144E-4
21.66774	-5.09022E-4
21.68303	-5.08911E-4
21.70056	-5.085E-4
21.71832	-5.09337E-4
21.7356	-5.10672E-4
21.75289	-5.10182E-4
21.76838	-5.0954E-4
21.78384	-5.09222E-4
21.80087	-5.10756E-4
21.81614	-5.09704E-4
21.83264	-5.09222E-4
21.85111	-5.09638E-4
21.86853	-5.09305E-4
21.88501	-5.10059E-4
21.90241	-5.0978E-4
21.91605	-5.0903E-4
21.93427	-5.07813E-4
21.95006	-5.07468E-4
21.96682	-5.06914E-4
21.98287	-5.07685E-4
21.99942	-5.07325E-4
22.01601	-5.07755E-4
22.03305	-5.09371E-4
22.05026	-5.08638E-4
22.06643	-5.07911E-4
22.08233	-5.07703E-4
22.09968	-5.07695E-4
22.11456	-5.06584E-4
22.13048	-5.06801E-4
22.14858	-5.07078E-4
22.16517	-5.06346E-4
22.18216	-5.06131E-4
22.19682	-5.069E-4
22.21534	-5.07141E-4
22.23127	-5.06434E-4
22.24798	-5.07367E-4
22.264	-5.07554E-4
22.28128	-5.06751E-4
22.29863	-5.06602E-4
22.31464	-5.07526E-4
22.33152	-5.07817E-4
22.34945	-5.06378E-4
22.36686	-5.06362E-4
22.38211	-5.07126E-4
22.39842	-5.03963E-4
22.41349	-5.03671E-4
22.43198	-5.0491E-4
22.44997	-5.04691E-4
22.4663	-5.04334E-4
22.48274	-5.06458E-4
22.49746	-5.05069E-4
22.51423	-5.04838E-4
22.53209	-5.04485E-4
22.54766	-5.04599E-4
22.56283	-5.06157E-4
22.57976	-5.06133E-4
22.59983	-5.04029E-4
22.61527	-5.04402E-4
22.63316	-5.04091E-4
22.64846	-5.05241E-4
22.66584	-5.04884E-4
22.68225	-5.04436E-4
22.69802	-5.03567E-4
22.71528	-5.04713E-4
22.73034	-5.05478E-4
22.74842	-5.05169E-4
22.76317	-5.04334E-4
22.7781	-5.04101E-4
22.79435	-5.03543E-4
22.81328	-5.03284E-4
22.83041	-5.03684E-4
22.84579	-5.0273E-4
22.86494	-5.01176E-4
22.88073	-5.01859E-4
22.89572	-5.00953E-4
22.91095	-5.02306E-4
22.92946	-5.02644E-4
22.94572	-5.02658E-4
22.96219	-5.01831E-4
22.97836	-5.01879E-4
22.99613	-5.02258E-4
23.01289	-5.02451E-4
23.02802	-5.01242E-4
23.0448	-5.00979E-4
23.0603	-5.00301E-4
23.07789	-4.99931E-4
23.09603	-5.01658E-4
23.11257	-5.02541E-4
23.12923	-5.02409E-4
23.14425	-5.00343E-4
23.1583	-5.00809E-4
23.17835	-5.0269E-4
23.1958	-5.02557E-4
23.21274	-5.02138E-4
23.22905	-5.00554E-4
23.24636	-4.99169E-4
23.25935	-4.99379E-4
23.27557	-5.00793E-4
23.29392	-4.98219E-4
23.3103	-4.98068E-4
23.32696	-4.98669E-4
23.34374	-4.98416E-4
23.3612	-4.98508E-4
23.38	-4.99949E-4
23.39449	-4.9892E-4
23.41093	-4.98918E-4
23.42749	-4.99028E-4
23.44205	-4.9803E-4
23.46091	-4.97715E-4
23.47901	-4.97368E-4
23.49461	-4.96731E-4
23.5103	-4.97679E-4
23.52611	-4.9838E-4
23.54474	-4.97982E-4
23.55986	-4.98418E-4
23.57598	-4.98458E-4
23.59249	-4.97974E-4
23.60837	-4.96344E-4
23.62689	-4.95898E-4
23.6445	-4.96735E-4
23.65791	-4.9692E-4
23.67571	-4.96151E-4
23.69261	-4.97996E-4
23.71109	-4.97757E-4
23.72865	-4.96639E-4
23.7434	-4.95954E-4
23.76091	-4.95065E-4
23.77692	-4.94443E-4
23.79445	-4.96651E-4
23.81091	-4.9531E-4
23.82622	-4.95481E-4
23.84397	-4.96205E-4
23.86063	-4.95129E-4
23.87674	-4.95766E-4
23.89344	-4.96751E-4
23.91051	-4.94047E-4
23.92699	-4.93989E-4
23.94385	-4.9434E-4
23.96119	-4.94312E-4
23.97626	-4.93796E-4
23.99382	-4.94334E-4
24.01071	-4.93098E-4
24.0261	-4.9253E-4
24.04243	-4.93144E-4
24.06142	-4.92036E-4
24.07588	-4.90791E-4
24.09373	-4.91042E-4
24.10993	-4.92578E-4
24.12588	-4.92206E-4
24.14385	-4.92044E-4
24.15975	-4.90293E-4
24.17688	-4.90016E-4
24.19346	-4.89701E-4
24.21056	-4.89763E-4
24.22797	-4.90211E-4
24.24305	-4.90139E-4
24.2574	-4.89544E-4
24.27623	-4.89484E-4
24.29236	-4.89402E-4
24.3095	-4.88878E-4
24.32671	-4.87603E-4
24.34268	-4.87758E-4
24.36013	-4.87744E-4
24.37624	-4.89157E-4
24.39043	-4.87222E-4
24.40951	-4.87559E-4
24.42357	-4.88041E-4
24.4418	-4.87704E-4
24.45733	-4.87344E-4
24.47285	-4.87954E-4
24.49175	-4.87647E-4
24.50702	-4.87117E-4
24.52345	-4.85949E-4
24.54168	-4.86945E-4
24.5591	-4.86298E-4
24.57612	-4.85048E-4
24.59367	-4.84377E-4
24.6084	-4.82843E-4
24.62457	-4.82928E-4
24.64204	-4.83134E-4
24.65931	-4.83632E-4
24.67601	-4.82717E-4
24.6908	-4.82432E-4
24.70651	-4.8094E-4
24.72517	-4.82153E-4
24.74171	-4.80635E-4
24.75954	-4.80328E-4
24.77501	-4.79886E-4
24.79238	-4.80667E-4
24.80953	-4.81382E-4
24.82588	-4.79009E-4
24.84064	-4.794E-4
24.85806	-4.80404E-4
24.87749	-4.79447E-4
24.89122	-4.78623E-4
24.90846	-4.77355E-4
24.92228	-4.75809E-4
24.94181	-4.7444E-4
24.95833	-4.5801E-4
24.97177	-4.50658E-4
24.98886	-4.50375E-4
25.00606	-4.51463E-4
25.02387	-4.54041E-4
25.03898	-4.56741E-4
25.05625	-4.62682E-4
25.07221	-4.68919E-4
25.08752	-4.72874E-4
25.10583	-4.74014E-4
25.12235	-4.74066E-4
25.13817	-4.74335E-4
25.15464	-4.73791E-4
25.17171	-4.72904E-4
25.18817	-4.72591E-4
25.20694	-4.74293E-4
25.22183	-4.75016E-4
25.23857	-4.73866E-4
25.25423	-4.73458E-4
25.27021	-4.7388E-4
25.28863	-4.74201E-4
25.30677	-4.72757E-4
25.32316	-4.71934E-4
25.33821	-4.70826E-4
25.35371	-4.7073E-4
25.37211	-4.69794E-4
25.38666	-4.70148E-4
25.40463	-4.69202E-4
25.42166	-4.69465E-4
25.43921	-4.68738E-4
25.45615	-4.68156E-4
25.4724	-4.67205E-4
25.48933	-4.6755E-4
25.5046	-4.67375E-4
25.52205	-4.67291E-4
25.53871	-4.67716E-4
25.55673	-4.65805E-4
25.57184	-4.65755E-4
25.58903	-4.65434E-4
25.60584	-4.65821E-4
25.62043	-4.63543E-4
25.63665	-4.63507E-4
25.65186	-4.6393E-4
25.66932	-4.64364E-4
25.68502	-4.64482E-4
25.70109	-4.62394E-4
25.7178	-4.60915E-4
25.73427	-4.60527E-4
25.7535	-4.62216E-4
25.76672	-4.59985E-4
25.78334	-4.60072E-4
25.79906	-4.61754E-4
25.81546	-4.61164E-4
25.83377	-4.62429E-4
25.85123	-4.61092E-4
25.86841	-4.60831E-4
25.8833	-4.5965E-4
25.90128	-4.58345E-4
25.91754	-4.57817E-4
25.93308	-4.57663E-4
25.94933	-4.56719E-4
25.96803	-4.5751E-4
25.98702	-4.56878E-4
26.00328	-4.55806E-4
26.01627	-4.54892E-4
26.03443	-4.53874E-4
26.05159	-4.54178E-4
26.07053	-4.51975E-4
26.0849	-4.51401E-4
26.09983	-4.52648E-4
26.11565	-4.52736E-4
26.13409	-4.51684E-4
26.15191	-4.52371E-4
26.16901	-4.52134E-4
26.18587	-4.51024E-4
26.20244	-4.50233E-4
26.21773	-4.50261E-4
26.23599	-4.49572E-4
26.24866	-4.47753E-4
26.26576	-4.47954E-4
26.28447	-4.48559E-4
26.30047	-4.4787E-4
26.31574	-4.4619E-4
26.33469	-4.45764E-4
26.35257	-4.44598E-4
26.36742	-4.44853E-4
26.38168	-4.46248E-4
26.40021	-4.46151E-4
26.41564	-4.46639E-4
26.43314	-4.46015E-4
26.44858	-4.45672E-4
26.46547	-4.44822E-4
26.48157	-4.44158E-4
26.49818	-4.44541E-4
26.51446	-4.44624E-4
26.53093	-4.43198E-4
26.54957	-4.41897E-4
26.56384	-4.41412E-4
26.58146	-4.42203E-4
26.60037	-4.4047E-4
26.61396	-4.39478E-4
26.63003	-4.39438E-4
26.65056	-4.38726E-4
26.66707	-4.39559E-4
26.6836	-4.37734E-4
26.69948	-4.36405E-4
26.71673	-4.37346E-4
26.73414	-4.37774E-4
26.74903	-4.3608E-4
26.76574	-4.36031E-4
26.77947	-4.37029E-4
26.79745	-4.35242E-4
26.81612	-4.34201E-4
26.83307	-4.34803E-4
26.84885	-4.34259E-4
26.86527	-4.33809E-4
26.88275	-4.34337E-4
26.90011	-4.33028E-4
26.91552	-4.32703E-4
26.93259	-4.30962E-4
26.9507	-4.29898E-4
26.9682	-4.29021E-4
26.98379	-4.28202E-4
26.99879	-4.27214E-4
27.01451	-4.27752E-4
27.03167	-4.26723E-4
27.04834	-4.26094E-4
27.06358	-4.25757E-4
27.07875	-4.25566E-4
27.09732	-4.12718E-4
27.11167	-3.96896E-4
27.13073	-3.9407E-4
27.14345	-3.93785E-4
27.16043	-3.95074E-4
27.17968	-3.97671E-4
27.19558	-4.00926E-4
27.21502	-4.08412E-4
27.23109	-4.13906E-4
27.24521	-4.16261E-4
27.26237	-4.18985E-4
27.28009	-4.17351E-4
27.29871	-4.14856E-4
27.31298	-4.15356E-4
27.3313	-4.15047E-4
27.35074	-4.13332E-4
27.36335	-4.12477E-4
27.38063	-4.12174E-4
27.39659	-4.12808E-4
27.4134	-4.12154E-4
27.43097	-4.1073E-4
27.44674	-4.09478E-4
27.46234	-4.07611E-4
27.47804	-4.06262E-4
27.49673	-4.06756E-4
27.50986	-4.05463E-4
27.52659	-4.05728E-4
27.54372	-4.0423E-4
27.56061	-4.03455E-4
27.57684	-4.02435E-4
27.59398	-4.01373E-4
27.6099	-4.00695E-4
27.62802	-3.97969E-4
27.6444	-3.97292E-4
27.66294	-3.96702E-4
27.6794	-3.93004E-4
27.69579	-3.93E-4
27.71123	-3.92022E-4
27.72573	-3.90703E-4
27.74365	-3.8938E-4
27.7614	-3.89093E-4
27.77892	-3.87971E-4
27.79426	-3.86012E-4
27.81216	-3.8446E-4
27.82912	-3.83619E-4
27.84498	-3.82135E-4
27.86243	-3.82631E-4
27.87932	-3.80748E-4
27.89382	-3.79206E-4
27.91165	-3.7701E-4
27.92867	-3.7593E-4
27.94467	-3.75075E-4
27.96062	-3.73683E-4
27.97894	-3.71674E-4
27.99379	-3.70383E-4
28.01206	-3.69773E-4
28.02748	-3.66866E-4
28.04561	-3.65155E-4
28.0628	-3.62792E-4
28.07867	-3.61488E-4
28.0975	-3.59157E-4
28.11285	-3.56378E-4
28.12768	-3.53196E-4
28.1447	-3.50904E-4
28.16284	-3.49575E-4
28.17666	-3.47356E-4
28.19592	-3.46612E-4
28.21036	-3.44688E-4
28.22843	-3.43249E-4
28.24541	-3.39754E-4
28.26175	-3.36084E-4
28.27719	-3.34083E-4
28.29363	-3.31786E-4
28.31086	-3.27893E-4
28.32519	-3.25276E-4
28.34131	-3.23254E-4
28.36009	-3.19763E-4
28.37699	-3.17466E-4
28.39069	-3.13632E-4
28.40757	-3.10881E-4
28.42473	-3.07214E-4
28.4395	-3.03112E-4
28.45886	-2.99529E-4
28.47604	-2.9547E-4
28.49158	-2.91888E-4
28.50844	-2.88612E-4
28.52467	-2.84253E-4
28.54198	-2.79576E-4
28.55767	-2.75499E-4
28.57541	-2.70321E-4
28.59212	-2.66547E-4
28.60888	-2.60846E-4
28.6255	-2.54992E-4
28.64131	-2.50964E-4
28.65798	-2.44275E-4
28.67446	-2.38809E-4
28.69171	-2.33674E-4
28.70903	-2.27342E-4
28.72459	-2.20737E-4
28.74174	-2.14028E-4
28.75882	-2.07574E-4
28.77535	-2.00991E-4
28.79053	-1.92856E-4
28.80879	-1.85272E-4
28.82466	-1.76959E-4
28.84109	-1.70452E-4
28.85874	-1.60882E-4
28.87492	-1.51208E-4
28.89226	-1.4163E-4
28.90949	-1.32554E-4
28.92494	-1.21958E-4
28.94319	-1.12322E-4
28.9597	-1.02089E-4
28.97642	-9.24351E-5
28.99322	-8.043E-5
29.0111	-6.93725E-5
29.02563	-5.76625E-5
29.03966	-4.43907E-5
29.0583	-3.0886E-5
29.07672	-1.84152E-5
29.0929	-4.98873E-6
29.10947	8.41159E-6
29.12499	2.38536E-5
29.14165	3.96389E-5
29.15929	5.53599E-5
29.17492	7.00932E-5
29.19117	8.48366E-5
29.20729	1.01174E-4
29.22396	1.24845E-4
29.23995	1.58304E-4
29.2576	1.80008E-4
29.27412	1.95028E-4
29.2902	2.09551E-4
29.30545	2.23044E-4
29.32215	2.35023E-4
29.33848	2.45056E-4
29.35574	2.5396E-4
29.36928	2.67948E-4
29.38927	2.83964E-4
29.40662	2.99605E-4
29.42277	3.14547E-4
29.44191	3.30246E-4
29.45765	3.47469E-4
29.47391	3.65165E-4
29.49052	3.81906E-4
29.50673	3.99514E-4
29.52423	4.14972E-4
29.53956	4.3257E-4
29.55374	4.49145E-4
29.56726	4.66669E-4
29.57752	4.82432E-4
29.59412	5.0005E-4
29.61244	5.16847E-4
29.62989	5.32787E-4
29.64564	5.48745E-4
29.66398	5.66044E-4
29.6818	5.82172E-4
29.6982	5.95388E-4
29.7122	6.12683E-4
29.72871	6.29544E-4
29.74684	6.44368E-4
29.76337	6.59912E-4
29.78143	6.76125E-4
29.79721	6.90786E-4
29.81274	7.06895E-4
29.83152	7.23543E-4
29.84526	7.4182E-4
29.86293	7.56979E-4
29.87927	7.72318E-4
29.89503	7.8609E-4
29.9128	8.0218E-4
29.92758	8.15545E-4
29.94664	8.30864E-4
29.96279	8.46226E-4
29.97882	8.6111E-4
29.99651	8.749E-4
30.01166	8.90183E-4
30.02835	9.03601E-4
30.04447	9.19069E-4
30.06245	9.3477E-4
30.07963	9.48414E-4
30.09544	9.65353E-4
30.11005	9.78948E-4
30.12664	9.91825E-4
30.14374	0.001
30.16052	0.00102
30.17783	0.00103
30.19284	0.00105
30.21124	0.00106
30.2274	0.00107
30.24318	0.00108
30.26093	0.0011
30.27815	0.00111
30.29473	0.00112
30.31	0.00113
30.32729	0.00115
30.34479	0.00116
30.36055	0.00117
30.37838	0.00118
30.39333	0.00119
30.41017	0.00121
30.42816	0.00122
30.44503	0.00123
30.46024	0.00124
30.4769	0.00125
30.49393	0.00126
30.51056	0.00127
30.52655	0.00128
30.54159	0.00129
30.55952	0.0013
30.57482	0.00131
30.5924	0.00132
30.60859	0.00133
30.62411	0.00134
30.64202	0.00135
30.66083	0.00136
30.67786	0.00136
30.69614	0.00137
30.71468	0.00138
30.72663	0.00139
30.74297	0.0014
30.76151	0.00141
30.77985	0.00141
30.79652	0.00142
30.81011	0.00143
30.82688	0.00143
30.84285	0.00144
30.85905	0.00145
30.87711	0.00146
30.89355	0.00147
30.91075	0.00147
30.92858	0.00148
30.94455	0.00149
30.9592	0.00149
30.97454	0.0015
30.99481	0.0015
31.00963	0.00151
31.02881	0.00152
31.04309	0.00152
31.0591	0.00153
31.07518	0.00154
31.09492	0.00154
31.11082	0.00155
31.12728	0.00155
31.14447	0.00156
31.16136	0.00156
31.17577	0.00157
31.19288	0.00157
31.2109	0.00158
31.22564	0.00158
31.24389	0.00159
31.25976	0.00159
31.27562	0.0016
31.28993	0.0016
31.30705	0.0016
31.32443	0.00162
31.34027	0.00164
31.35768	0.00165
31.37365	0.00165
31.38982	0.00165
31.40568	0.00165
31.42109	0.00165
31.438	0.00164
31.45636	0.00164
31.47575	0.00164
31.49201	0.00165
31.50918	0.00165
31.52447	0.00165
31.54205	0.00166
31.55957	0.00166
31.57443	0.00166
31.59289	0.00167
31.60787	0.00167
31.62434	0.00167
31.64273	0.00168
31.65868	0.00168
31.67276	0.00168
31.68969	0.00168
31.70627	0.00169
31.72497	0.00169
31.74254	0.00169
31.75782	0.00169
31.77568	0.0017
31.79343	0.0017
31.80765	0.0017
31.82416	0.00171
31.84333	0.00171
31.85728	0.00171
31.8743	0.00172
31.89109	0.00172
31.90844	0.00172
31.92612	0.00172
31.94135	0.00172
31.95784	0.00173
31.97271	0.00173
31.99019	0.00173
32.0079	0.00173
32.02421	0.00174
32.03946	0.00174
32.05601	0.00174
32.07602	0.00174
32.0905	0.00175
32.10658	0.00175
32.12471	0.00175
32.13955	0.00175
32.15501	0.00175
32.17371	0.00176
32.1914	0.00176
32.20872	0.00176
32.22319	0.00176
32.24052	0.00176
32.25733	0.00176
32.27289	0.00176
32.29005	0.00177
32.30774	0.00177
32.32241	0.00177
32.33869	0.00177
32.35681	0.00177
32.3733	0.00177
32.38782	0.00177
32.40638	0.00178
32.42374	0.00178
32.44089	0.00178
32.45708	0.00178
32.47345	0.00178
32.48748	0.00178
32.50325	0.00178
32.51931	0.00178
32.53709	0.00179
32.55549	0.00178
32.57096	0.00178
32.58858	0.00178
32.60314	0.00178
32.62228	0.00178
32.64171	0.00179
32.65653	0.00179
32.67148	0.00178
32.68775	0.00178
32.70512	0.00178
32.72354	0.00178
32.74037	0.00178
32.75537	0.00178
32.77304	0.00178
32.79011	0.00178
32.80812	0.00177
32.82381	0.00177
32.83858	0.00177
32.85579	0.00177
32.87307	0.00176
32.88955	0.00176
32.90604	0.00176
32.92239	0.00175
32.9392	0.00175
32.95424	0.00174
32.97142	0.00174
32.98708	0.00173
33.00345	0.00173
33.02	0.00172
33.03703	0.00171
33.05399	0.00171
33.07015	0.0017
33.08548	0.00169
33.1018	0.00168
33.1197	0.00167
33.13498	0.00166
33.15359	0.00164
33.17108	0.00163
33.18708	0.00162
33.20116	0.0016
33.21849	0.00158
33.23402	0.00156
33.24956	0.00154
33.2669	0.00152
33.28356	0.00149
33.3012	0.00146
33.31796	0.00143
33.33352	0.0014
33.35225	0.00136
33.36831	0.00132
33.38547	0.00128
33.40122	0.00124
33.41994	0.00122
33.43462	0.00117
33.45005	0.00113
33.46628	0.00107
33.48367	0.00102
33.49913	9.62414E-4
33.51397	9.05974E-4
33.53143	8.48828E-4
33.5478	7.95714E-4
33.56563	7.47901E-4
33.58401	7.03982E-4
33.60122	6.63108E-4
33.61711	6.26232E-4
33.63303	5.92487E-4
33.65198	5.60645E-4
33.66819	5.31687E-4
33.68449	5.05966E-4
33.70071	4.82452E-4
33.71763	4.60548E-4
33.73429	4.36676E-4
33.7511	4.15874E-4
33.767	3.95134E-4
33.78301	3.75855E-4
33.79831	3.55393E-4
33.81508	3.36172E-4
33.83236	3.17348E-4
33.84967	2.99802E-4
33.86687	2.80529E-4
33.88207	2.61309E-4
33.90127	2.43268E-4
33.91629	2.25402E-4
33.93223	2.07023E-4
33.94881	1.89827E-4
33.96476	1.71771E-4
33.98156	1.55287E-4
33.99795	1.40642E-4
34.01631	1.26872E-4
34.0328	1.11322E-4
34.04901	9.68939E-5
34.0653	8.31161E-5
34.08241	6.91156E-5
34.09632	5.77428E-5
34.11373	4.61593E-5
34.13021	3.62642E-5
34.14653	2.40844E-5
34.16421	1.41471E-5
34.18065	3.35861E-6
34.19664	-4.0733E-6
34.21467	-1.3302E-5
34.22928	-2.36709E-5
34.24679	-3.31144E-5
34.26368	-4.14095E-5
34.2796	-4.99295E-5
34.29831	-5.86201E-5
34.31562	-6.64837E-5
34.33158	-7.35924E-5
34.34603	-8.29716E-5
34.36382	-9.18409E-5
34.38071	-9.8247E-5
34.39536	-1.05647E-4
34.41283	-1.1233E-4
34.4277	-1.18748E-4
34.44437	-1.25038E-4
34.46189	-1.31664E-4
34.47867	-1.38062E-4
34.49408	-1.44746E-4
34.51201	-1.51358E-4
34.52913	-1.56421E-4
34.5455	-1.62012E-4
34.56299	-1.67993E-4
34.5796	-1.73839E-4
34.59577	-1.79675E-4
34.6141	-1.85808E-4
34.63013	-1.92049E-4
34.64575	-1.97917E-4
34.6631	-2.02081E-4
34.67728	-2.07702E-4
34.69657	-2.11237E-4
34.71125	-2.15742E-4
34.72733	-2.20297E-4
34.7441	-2.25276E-4
34.75944	-2.29594E-4
34.77735	-2.34159E-4
34.79632	-2.39389E-4
34.81142	-2.43486E-4
34.82845	-2.47684E-4
34.84591	-2.52548E-4
34.86237	-2.55736E-4
34.87937	-2.60197E-4
34.89676	-2.63875E-4
34.91271	-2.69376E-4
34.9301	-2.73264E-4
34.94682	-2.76163E-4
34.96453	-2.80184E-4
34.97979	-2.82581E-4
34.99671	-2.86157E-4
35.01291	-2.91005E-4
35.02979	-2.94932E-4
35.04447	-2.98868E-4
35.06269	-3.02653E-4
35.08011	-3.04552E-4
35.09426	-3.08493E-4
35.11121	-3.11424E-4
35.12959	-3.13626E-4
35.14396	-3.17346E-4
35.16051	-3.20126E-4
35.17798	-3.23037E-4
35.19802	-3.25787E-4
35.21291	-3.28644E-4
35.23	-3.32268E-4
35.24717	-3.36855E-4
35.26129	-3.38413E-4
35.27742	-3.40948E-4
35.29571	-3.43508E-4
35.31326	-3.46439E-4
35.32728	-3.48742E-4
35.34474	-3.52269E-4
35.36349	-3.53833E-4
35.38056	-3.57846E-4
35.39797	-3.61084E-4
35.41219	-3.62144E-4
35.42722	-3.63082E-4
35.44334	-3.65585E-4
35.45774	-3.67833E-4
35.47819	-3.67635E-4
35.49593	-3.53712E-4
35.51084	-3.45445E-4
35.52958	-3.47051E-4
35.54572	-3.52283E-4
35.56049	-3.57025E-4
35.57657	-3.63114E-4
35.59413	-3.70208E-4
35.61112	-3.79062E-4
35.62966	-3.86431E-4
35.64452	-3.89685E-4
35.6616	-3.9291E-4
35.67793	-3.95993E-4
35.69656	-3.97589E-4
35.71362	-4.00283E-4
35.73016	-4.02237E-4
35.74447	-4.05547E-4
35.7618	-4.07095E-4
35.77716	-4.0912E-4
35.79469	-4.10502E-4
35.81027	-4.11714E-4
35.82868	-4.14717E-4
35.84207	-4.17128E-4
35.86023	-4.17512E-4
35.87928	-4.19072E-4
35.89681	-4.2084E-4
35.91349	-4.2243E-4
35.92865	-4.24954E-4
35.94356	-4.2672E-4
35.96066	-4.27491E-4
35.97609	-4.28463E-4
35.99373	-4.29415E-4
36.01047	-4.30153E-4
36.02589	-4.32151E-4
36.04364	-4.33032E-4
36.06086	-4.35568E-4
36.07857	-4.35891E-4
36.09551	-4.3672E-4
36.11084	-4.37915E-4
36.12543	-4.40223E-4
36.14643	-4.40609E-4
36.16296	-4.41592E-4
36.17909	-4.43534E-4
36.19594	-4.45597E-4
36.21025	-4.46489E-4
36.22691	-4.46932E-4
36.24633	-4.47786E-4
36.26131	-4.49896E-4
36.27967	-4.50116E-4
36.29302	-4.5224E-4
36.31023	-4.54433E-4
36.32673	-4.55705E-4
36.34327	-4.55984E-4
36.36054	-4.57908E-4
36.37643	-4.59239E-4
36.3947	-4.58261E-4
36.41173	-4.58498E-4
36.42764	-4.58707E-4
36.44412	-4.59664E-4
36.45992	-4.63386E-4
36.47748	-4.64816E-4
36.49345	-4.65193E-4
36.51139	-4.65022E-4
36.52697	-4.66363E-4
36.54211	-4.67823E-4
36.56016	-4.68861E-4
36.5763	-4.68156E-4
36.59234	-4.67779E-4
36.60888	-4.6877E-4
36.62538	-4.70407E-4
36.64217	-4.72543E-4
36.65871	-4.72902E-4
36.67525	-4.72719E-4
36.69073	-4.72621E-4
36.7091	-4.71192E-4
36.72548	-4.72326E-4
36.74391	-4.73757E-4
36.7599	-4.76212E-4
36.77632	-4.76644E-4
36.79316	-4.7623E-4
36.80872	-4.76552E-4
36.82532	-4.78672E-4
36.84366	-4.7973E-4
36.85784	-4.79663E-4
36.87289	-4.79473E-4
36.89128	-4.78868E-4
36.90687	-4.80515E-4
36.92515	-4.80868E-4
36.94269	-4.80866E-4
36.95828	-4.80643E-4
36.97409	-4.8134E-4
36.99193	-4.82054E-4
37.00846	-4.81691E-4
37.0232	-4.83259E-4
37.03945	-4.83765E-4
37.05733	-4.86664E-4
37.07274	-4.84965E-4
37.09053	-4.84931E-4
37.10775	-4.85692E-4
37.12485	-4.86973E-4
37.14145	-4.87188E-4
37.15558	-4.8774E-4
37.17273	-4.88238E-4
37.1919	-4.89745E-4
37.20704	-4.89886E-4
37.22262	-4.89018E-4
37.23983	-4.88818E-4
37.25516	-4.91522E-4
37.27308	-4.93519E-4
37.28763	-4.93256E-4
37.30468	-4.94037E-4
37.32203	-4.93959E-4
37.33882	-4.93981E-4
37.35307	-4.93937E-4
37.3673	-4.92763E-4
37.38465	-4.94262E-4
37.40289	-4.9359E-4
37.42033	-4.94306E-4
37.4359	-4.96145E-4
37.45505	-4.97721E-4
37.47043	-4.95856E-4
37.48792	-4.96023E-4
37.50555	-4.96426E-4
37.51972	-4.98028E-4
37.5343	-4.97589E-4
37.55369	-4.97153E-4
37.5707	-4.80976E-4
37.58774	-4.71268E-4
37.60254	-4.7038E-4
37.62024	-4.72749E-4
37.63704	-4.77058E-4
37.65355	-4.8143E-4
37.67073	-4.85642E-4
37.68668	-4.92026E-4
37.7024	-4.97255E-4
37.72015	-4.99843E-4
37.73417	-5.03597E-4
37.75069	-5.04776E-4
37.76755	-5.05767E-4
37.78267	-5.06805E-4
37.79964	-5.05669E-4
37.81993	-5.05617E-4
37.83577	-5.05149E-4
37.85057	-5.05131E-4
37.86942	-5.0489E-4
37.88519	-5.04117E-4
37.90234	-5.04497E-4
37.91997	-5.05695E-4
37.93618	-5.06847E-4
37.95208	-5.07422E-4
37.9675	-5.07046E-4
37.98524	-5.0591E-4
38.00256	-5.0601E-4
38.01767	-5.07185E-4
38.03402	-5.08136E-4
38.05202	-5.07889E-4
38.06881	-5.07448E-4
38.08483	-5.0907E-4
38.09927	-5.08427E-4
38.11871	-5.09022E-4
38.13347	-5.08048E-4
38.15257	-5.07522E-4
38.16917	-5.07831E-4
38.18471	-5.0868E-4
38.20261	-5.08678E-4
38.21969	-5.10092E-4
38.23665	-5.09395E-4
38.25314	-5.1031E-4
38.2667	-5.11515E-4
38.28397	-5.11037E-4
38.29939	-5.10551E-4
38.31717	-5.11501E-4
38.33439	-5.1348E-4
38.35101	-5.134E-4
38.36679	-5.11678E-4
38.38361	-5.10858E-4
38.39929	-5.11061E-4
38.41753	-5.11953E-4
38.43701	-5.11818E-4
38.45262	-5.11603E-4
38.46658	-5.12173E-4
38.48378	-5.13438E-4
38.50052	-5.13276E-4
38.5183	-5.13583E-4
38.53635	-5.12521E-4
38.55211	-5.13846E-4
38.56743	-5.14807E-4
38.58294	-5.14249E-4
38.60006	-5.14277E-4
38.61645	-5.14259E-4
38.63479	-5.13274E-4
38.65095	-5.14229E-4
38.66682	-5.13751E-4
38.68457	-5.12727E-4
38.70269	-5.13105E-4
38.71799	-5.13615E-4
38.73311	-5.14237E-4
38.74989	-5.14789E-4
38.76624	-5.13326E-4
38.78453	-5.14073E-4
38.80022	-5.14663E-4
38.81771	-5.16096E-4
38.83484	-5.15387E-4
38.85202	-5.15297E-4
38.86597	-5.15297E-4
38.88145	-5.15705E-4
38.9	-5.14727E-4
38.91665	-5.15147E-4
38.93181	-5.14358E-4
38.94852	-5.15829E-4
38.96491	-5.16221E-4
38.98248	-5.16606E-4
38.99762	-5.15881E-4
39.01589	-5.18186E-4
39.03093	-5.18298E-4
39.04726	-5.18738E-4
39.06666	-5.18682E-4
39.08351	-5.17989E-4
39.09979	-5.18043E-4
39.11473	-5.17899E-4
39.13017	-5.1865E-4
39.14982	-5.19306E-4
39.16698	-5.18433E-4
39.18354	-5.19748E-4
39.19905	-5.17825E-4
39.21376	-5.18162E-4
39.23077	-5.17014E-4
39.25005	-5.18011E-4
39.26395	-5.16656E-4
39.28074	-5.16616E-4
39.29669	-5.17772E-4
39.31426	-5.18786E-4
39.32944	-5.18222E-4
39.34644	-5.18694E-4
39.36485	-5.17756E-4
39.38277	-5.17756E-4
39.3984	-5.17616E-4
39.41484	-5.17172E-4
39.43037	-5.16251E-4
39.44789	-5.17305E-4
39.46481	-5.1877E-4
39.48136	-5.19216E-4
39.49779	-5.18832E-4
39.51419	-5.20173E-4
39.53183	-5.18935E-4
39.54796	-5.18335E-4
39.56468	-5.18035E-4
39.58104	-5.1915E-4
39.59651	-5.18244E-4
39.61328	-5.1865E-4
39.6303	-5.19997E-4
39.64515	-5.2075E-4
39.66431	-5.1549E-4
39.68024	-4.97508E-4
39.69617	-4.90064E-4
39.71234	-4.91144E-4
39.72927	-4.93947E-4
39.74656	-4.98034E-4
39.76141	-4.99978E-4
39.77801	-5.03796E-4
39.79432	-5.11581E-4
39.81174	-5.19324E-4
39.83065	-5.22099E-4
39.846	-5.22715E-4
39.86213	-5.21458E-4
39.88035	-5.22548E-4
39.89629	-5.22886E-4
39.91157	-5.2294E-4
39.92533	-5.23229E-4
39.94672	-5.23606E-4
39.96222	-5.24909E-4
39.97808	-5.24373E-4
39.99494	-5.25668E-4
40.01031	-5.26254E-4
40.02702	-5.24558E-4
40.04362	-5.23877E-4
40.05986	-5.25092E-4
40.07861	-5.25453E-4
40.09463	-5.25696E-4
40.11411	-5.27065E-4
40.12696	-5.25688E-4
40.14618	-5.26349E-4
40.1618	-5.25642E-4
40.17738	-5.24897E-4
40.19411	-5.26335E-4
40.21093	-5.26527E-4
40.22925	-5.25289E-4
40.24644	-5.25987E-4
40.26253	-5.2714E-4
40.27873	-5.29177E-4
40.29535	-5.2943E-4
40.31097	-5.29007E-4
40.32961	-5.27941E-4
40.34727	-5.26325E-4
40.36325	-5.25778E-4
40.37879	-5.26501E-4
40.39619	-5.25975E-4
40.41048	-5.25947E-4
40.43051	-5.26138E-4
40.44553	-5.27001E-4
40.46407	-5.27109E-4
40.47852	-5.27005E-4
40.49513	-5.27563E-4
40.51135	-5.29434E-4
40.52752	-5.28764E-4
40.54473	-5.27854E-4
40.56231	-5.2832E-4
40.5783	-5.27826E-4
40.59386	-5.30028E-4
40.61216	-5.29378E-4
40.62752	-5.29165E-4
40.64437	-5.29792E-4
40.6633	-5.28493E-4
40.6768	-5.28695E-4
40.69382	-5.29392E-4
40.71198	-5.28864E-4
40.72732	-5.30536E-4
40.74214	-5.3105E-4
40.7586	-5.304E-4
40.77573	-5.29743E-4
40.79285	-5.30374E-4
40.80936	-5.29125E-4
40.82651	-5.30366E-4
40.84362	-5.29715E-4
40.85825	-5.3034E-4
40.87714	-5.29346E-4
40.89404	-5.30599E-4
40.91104	-5.29563E-4
40.92718	-5.29368E-4
40.94208	-5.29906E-4
40.96049	-5.30675E-4
40.9771	-5.30354E-4
40.99278	-5.30627E-4
41.01003	-5.30986E-4
41.02599	-5.3142E-4
41.04502	-5.30217E-4
41.06247	-5.3039E-4
41.078	-5.30641E-4
41.09421	-5.3109E-4
41.11274	-5.31526E-4
41.12936	-5.32361E-4
41.14445	-5.31291E-4
41.15833	-5.32289E-4
41.17732	-5.33409E-4
41.19394	-5.3314E-4
41.21059	-5.33066E-4
41.22548	-5.31329E-4
41.24258	-5.32628E-4
41.2584	-5.31275E-4
41.27487	-5.31968E-4
41.29041	-5.31506E-4
41.30757	-5.30874E-4
41.32418	-5.31574E-4
41.34064	-5.32138E-4
41.35881	-5.32369E-4
41.37595	-5.31546E-4
41.39222	-5.30161E-4
41.40934	-5.31E-4
41.42622	-5.31797E-4
41.44145	-5.31528E-4
41.45791	-5.30462E-4
41.47604	-5.30219E-4
41.4911	-5.30781E-4
41.50744	-5.3138E-4
41.52659	-5.31912E-4
41.5435	-5.3099E-4
41.56046	-5.30243E-4
41.57398	-5.30229E-4
41.59061	-5.31249E-4
41.60738	-5.31008E-4
41.62234	-5.30028E-4
41.63818	-5.30203E-4
41.65783	-5.32692E-4
41.67498	-5.337E-4
41.68955	-5.3262E-4
41.70638	-5.32002E-4
41.7247	-5.31787E-4
41.7384	-5.32056E-4
41.7556	-5.31942E-4
41.77286	-5.27933E-4
41.78941	-5.09441E-4
41.80821	-5.00233E-4
41.82211	-5.02593E-4
41.83758	-5.04888E-4
41.85617	-5.0802E-4
41.87162	-5.11682E-4
41.88615	-5.14934E-4
41.90559	-5.19806E-4
41.92073	-5.266E-4
41.93842	-5.31472E-4
41.95452	-5.33387E-4
41.97244	-5.33542E-4
41.98831	-5.33891E-4
42.00498	-5.33032E-4
42.02159	-5.33566E-4
42.03806	-5.32187E-4
42.05457	-5.32925E-4
42.0696	-5.32889E-4
42.08601	-5.32544E-4
42.10327	-5.30904E-4
42.11963	-5.31259E-4
42.13584	-5.32556E-4
42.15206	-5.33222E-4
42.17008	-5.32203E-4
42.18977	-5.31624E-4
42.20633	-5.325E-4
42.22044	-5.32034E-4
42.23767	-5.31865E-4
42.2552	-5.32275E-4
42.2705	-5.32118E-4
42.28851	-5.32562E-4
42.30565	-5.32193E-4
42.31985	-5.31805E-4
42.33632	-5.31584E-4
42.35399	-5.31709E-4
42.37016	-5.33178E-4
42.38631	-5.32301E-4
42.40583	-5.33146E-4
42.4201	-5.33269E-4
42.43769	-5.33429E-4
42.45579	-5.33122E-4
42.46942	-5.34174E-4
42.48919	-5.348E-4
42.5046	-5.36212E-4
42.52342	-5.35698E-4
42.5376	-5.34335E-4
42.55506	-5.33694E-4
42.57067	-5.33744E-4
42.58602	-5.33799E-4
42.60412	-5.34321E-4
42.61875	-5.34027E-4
42.63563	-5.34413E-4
42.65222	-5.35079E-4
42.66921	-5.34732E-4
42.68512	-5.3514E-4
42.70331	-5.34983E-4
42.7184	-5.35774E-4
42.73469	-5.35716E-4
42.75238	-5.3517E-4
42.76917	-5.33421E-4
42.78461	-5.32672E-4
42.8038	-5.32696E-4
42.82083	-5.3256E-4
42.83664	-5.33361E-4
42.85139	-5.33218E-4
42.86944	-5.3523E-4
42.88631	-5.33764E-4
42.90518	-5.34724E-4
42.92279	-5.35921E-4
42.93796	-5.34812E-4
42.95367	-5.34286E-4
42.96958	-5.33166E-4
42.98584	-5.32279E-4
43.00212	-5.33516E-4
43.01781	-5.33383E-4
43.03558	-5.33746E-4
43.05349	-5.35144E-4
43.06751	-5.35244E-4
43.08559	-5.3429E-4
43.10163	-5.34479E-4
43.11695	-5.34274E-4
43.13473	-5.34058E-4
43.15267	-5.34329E-4
43.16891	-5.34489E-4
43.18342	-5.35668E-4
43.19932	-5.34724E-4
43.21695	-5.35549E-4
43.2336	-5.35905E-4
43.25416	-5.35379E-4
43.26902	-5.33548E-4
43.2871	-5.3373E-4
43.3037	-5.34208E-4
43.32084	-5.341E-4
43.33735	-5.34264E-4
43.3534	-5.34483E-4
43.36958	-5.33877E-4
43.38764	-5.3459E-4
43.40373	-5.33425E-4
43.4221	-5.33618E-4
43.43685	-5.32614E-4
43.45529	-5.33307E-4
43.46989	-5.32417E-4
43.4874	-5.31002E-4
43.50225	-5.30603E-4
43.5212	-5.32199E-4
43.53489	-5.32407E-4
43.55551	-5.33885E-4
43.57057	-5.33694E-4
43.58405	-5.34218E-4
43.6008	-5.33654E-4
43.61943	-5.34323E-4
43.63785	-5.3407E-4
43.65083	-5.3414E-4
43.66815	-5.33831E-4
43.68759	-5.34015E-4
43.70085	-5.33353E-4
43.71821	-5.3148E-4
43.73382	-5.30458E-4
43.7502	-5.31008E-4
43.76766	-5.30962E-4
43.78343	-5.31472E-4
43.80141	-5.32556E-4
43.81865	-5.31628E-4
43.83372	-5.30876E-4
43.85193	-5.31966E-4
43.86863	-5.32142E-4
43.88506	-5.31404E-4
43.90216	-5.30833E-4
43.91714	-5.30225E-4
43.9334	-5.15687E-4
43.94936	-5.03669E-4
43.96699	-5.03511E-4
43.98399	-5.05259E-4
43.99954	-5.08062E-4
44.01608	-5.12021E-4
44.03349	-5.14247E-4
44.04947	-5.18698E-4
44.06634	-5.23193E-4
44.08224	-5.29394E-4
44.09891	-5.33218E-4
44.11762	-5.32947E-4
44.13228	-5.34082E-4
44.14871	-5.33182E-4
44.16474	-5.33439E-4
44.17988	-5.34076E-4
44.19835	-5.33518E-4
44.21545	-5.316E-4
44.23047	-5.31398E-4
44.24651	-5.3202E-4
44.26595	-5.31723E-4
44.28376	-5.32713E-4
44.29908	-5.33716E-4
44.31636	-5.33981E-4
44.33231	-5.34264E-4
44.34711	-5.33522E-4
44.36473	-5.33684E-4
44.38068	-5.33309E-4
44.39544	-5.32705E-4
44.41433	-5.32733E-4
44.4309	-5.33744E-4
44.4477	-5.32775E-4
44.46507	-5.32626E-4
44.48117	-5.33243E-4
44.49726	-5.32813E-4
44.51401	-5.31606E-4
44.53084	-5.33188E-4
44.54799	-5.32923E-4
44.56434	-5.32963E-4
44.58172	-5.33528E-4
44.59777	-5.32654E-4
44.61533	-5.3257E-4
44.63112	-5.3216E-4
44.64752	-5.32012E-4
44.66361	-5.31988E-4
44.68025	-5.31313E-4
44.6968	-5.29856E-4
44.71538	-5.30862E-4
44.73152	-5.32562E-4
44.7484	-5.32359E-4
44.76412	-5.33766E-4
44.7801	-5.33771E-4
44.7986	-5.32237E-4
44.81583	-5.31572E-4
44.82945	-5.30675E-4
44.8455	-5.31378E-4
44.86301	-5.32456E-4
44.87856	-5.31295E-4
44.89545	-5.32032E-4
44.91258	-5.32534E-4
44.93133	-5.31333E-4
44.94472	-5.31988E-4
44.96156	-5.31574E-4
44.97903	-5.3149E-4
44.99548	-5.31285E-4
45.01105	-5.31032E-4
45.0268	-5.29733E-4
45.04564	-5.29982E-4
45.06231	-5.30538E-4
45.07981	-5.31727E-4
45.09516	-5.3198E-4
45.1146	-5.32963E-4
45.12878	-5.33074E-4
45.14346	-5.33004E-4
45.15984	-5.32833E-4
45.17609	-5.31889E-4
45.19085	-5.3269E-4
45.2072	-5.30972E-4
45.2213	-5.31217E-4
45.23984	-5.30709E-4
45.25768	-5.29619E-4
45.27363	-5.30087E-4
45.29013	-5.29549E-4
45.30886	-5.3085E-4
45.32456	-5.30781E-4
45.34126	-5.31235E-4
45.35911	-5.29691E-4
45.37429	-5.28577E-4
45.39217	-5.31369E-4
45.40934	-5.30125E-4
45.42475	-5.32297E-4
45.4411	-5.32935E-4
45.45744	-5.3373E-4
45.47458	-5.33361E-4
45.49068	-5.31932E-4
45.50672	-5.31665E-4
45.52201	-5.30709E-4
45.53889	-5.29737E-4
45.55688	-5.3088E-4
45.57391	-5.30609E-4
45.59005	-5.30643E-4
45.60547	-5.31181E-4
45.62032	-5.29832E-4
45.63963	-5.2933E-4
45.65581	-5.30308E-4
45.67135	-5.29346E-4
45.68938	-5.29769E-4
45.70775	-5.2979E-4
45.72187	-5.28615E-4
45.73951	-5.29553E-4
45.75525	-5.29553E-4
45.77501	-5.2945E-4
45.78949	-5.29778E-4
45.8065	-5.2992E-4
45.82298	-5.28987E-4
45.83825	-5.30677E-4
45.85544	-5.32074E-4
45.87037	-5.3095E-4
45.89008	-5.28567E-4
45.90652	-5.277E-4
45.92398	-5.27031E-4
45.94103	-5.28057E-4
45.95487	-5.29123E-4
45.97152	-5.29543E-4
45.98942	-5.30795E-4
46.00567	-5.31729E-4
46.02236	-5.3054E-4
46.04199	-5.28858E-4
46.05713	-5.28224E-4
46.07432	-5.27037E-4
46.08889	-5.24361E-4
46.1036	-5.0641E-4
46.12261	-4.96898E-4
46.13793	-4.96814E-4
46.15546	-4.98327E-4
46.17255	-5.00865E-4
46.18772	-5.03471E-4
46.20445	-5.053E-4
46.22082	-5.08488E-4
46.23925	-5.13643E-4
46.25624	-5.19822E-4
46.27191	-5.24158E-4
46.28822	-5.2683E-4
46.30578	-5.27296E-4
46.32326	-5.25166E-4
46.33898	-5.25684E-4
46.35565	-5.25538E-4
46.37267	-5.25383E-4
46.3891	-5.25351E-4
46.40751	-5.23968E-4
46.4215	-5.2609E-4
46.43716	-5.25626E-4
46.45813	-5.2607E-4
46.47224	-5.25999E-4
46.48892	-5.25038E-4
46.50637	-5.23612E-4
46.52424	-5.24138E-4
46.53888	-5.23952E-4
46.55639	-5.23984E-4
46.57276	-5.25251E-4
46.58912	-5.26405E-4
46.6059	-5.25463E-4
46.62238	-5.25801E-4
46.63752	-5.26367E-4
46.65544	-5.25841E-4
46.67509	-5.25287E-4
46.68764	-5.25022E-4
46.70436	-5.25385E-4
46.72265	-5.25164E-4
46.73628	-5.24616E-4
46.75365	-5.24921E-4
46.77275	-5.25291E-4
46.7888	-5.25012E-4
46.80408	-5.24405E-4
46.82073	-5.24642E-4
46.83808	-5.24548E-4
46.85436	-5.24187E-4
46.86913	-5.24534E-4
46.88782	-5.24152E-4
46.90326	-5.24271E-4
46.92084	-5.25423E-4
46.94069	-5.25831E-4
46.95673	-5.26341E-4
46.97508	-5.26244E-4
46.98941	-5.26742E-4
47.00711	-5.25965E-4
47.02211	-5.25911E-4
47.03824	-5.2726E-4
47.05547	-5.26586E-4
47.07236	-5.27505E-4
47.08751	-5.26746E-4
47.10487	-5.26943E-4
47.11982	-5.2618E-4
47.13737	-5.26174E-4
47.15458	-5.25108E-4
47.17242	-5.2572E-4
47.18869	-5.2734E-4
47.20367	-5.2835E-4
47.22174	-5.26126E-4
47.23785	-5.25244E-4
47.25523	-5.2511E-4
47.26983	-5.24755E-4
47.28615	-5.25022E-4
47.3036	-5.24052E-4
47.32138	-5.25712E-4
47.34105	-5.28027E-4
47.35647	-5.26567E-4
47.37277	-5.26029E-4
47.38876	-5.26443E-4
47.40619	-5.27892E-4
47.42315	-5.28161E-4
47.43956	-5.28414E-4
47.45693	-5.26491E-4
47.47164	-5.26471E-4
47.48819	-5.26917E-4
47.50571	-5.26023E-4
47.52226	-5.2612E-4
47.53705	-5.24893E-4
47.5566	-5.25578E-4
47.57132	-5.25748E-4
47.58683	-5.24102E-4
47.60195	-5.24466E-4
47.61991	-5.25943E-4
47.63635	-5.24672E-4
47.65361	-5.23699E-4
47.67194	-5.26088E-4
47.68782	-5.2572E-4
47.70539	-5.25206E-4
47.72071	-5.25859E-4
47.73572	-5.26973E-4
47.7524	-5.2676E-4
47.76769	-5.252E-4
47.78493	-5.24969E-4
47.80078	-5.23528E-4
47.81806	-5.24676E-4
47.83546	-5.24887E-4
47.85485	-5.23528E-4
47.87302	-5.22163E-4
47.88793	-5.23351E-4
47.90478	-5.24773E-4
47.92051	-5.25574E-4
47.93597	-5.2559E-4
47.95315	-5.2627E-4
47.9692	-5.27045E-4
47.98508	-5.26861E-4
48.00371	-5.25877E-4
48.01917	-5.25951E-4
48.03508	-5.26724E-4
48.05212	-5.26883E-4
48.06926	-5.2765E-4
48.08514	-5.2717E-4
48.10343	-5.27077E-4
48.11882	-5.26393E-4
48.13506	-5.27194E-4
48.1516	-5.2777E-4
48.16982	-5.27766E-4
48.18702	-5.29284E-4
48.20177	-5.2842E-4
48.21834	-5.28228E-4
48.23602	-5.27162E-4
48.25265	-5.2669E-4
48.26901	-5.25439E-4
48.28594	-5.25594E-4
48.30161	-5.26302E-4
48.31754	-5.17391E-4
48.33505	-5.02248E-4
48.35078	-4.95806E-4
48.36691	-4.95826E-4
48.3838	-4.99905E-4
48.39995	-5.03129E-4
48.41713	-5.05757E-4
48.4329	-5.09204E-4
48.45386	-5.11047E-4
48.47045	-5.17574E-4
48.48543	-5.23761E-4
48.5009	-5.26108E-4
48.51531	-5.26162E-4
48.53401	-5.257E-4
48.54957	-5.25979E-4
48.5663	-5.27543E-4
48.58375	-5.27122E-4
48.59966	-5.26792E-4
48.61758	-5.27738E-4
48.63505	-5.26762E-4
48.65181	-5.26166E-4
48.66635	-5.27116E-4
48.68283	-5.27035E-4
48.70074	-5.27834E-4
48.71848	-5.28224E-4
48.73525	-5.29571E-4
48.75178	-5.26315E-4
48.76512	-5.26192E-4
48.78116	-5.27561E-4
48.79925	-5.26154E-4
48.81448	-5.24433E-4
48.83131	-5.23936E-4
48.85025	-5.25238E-4
48.86482	-5.26668E-4
48.88058	-5.24859E-4
48.89935	-5.26415E-4
48.91513	-5.28515E-4
48.93246	-5.29035E-4
48.94737	-5.29099E-4
48.96318	-5.26433E-4
48.98104	-5.26523E-4
48.99712	-5.25778E-4
49.01371	-5.25795E-4
49.03074	-5.25732E-4
49.04658	-5.26369E-4
49.06081	-5.26035E-4
49.07947	-5.26901E-4
49.09637	-5.27646E-4
49.10991	-5.26975E-4
49.12694	-5.26182E-4
49.14509	-5.26455E-4
49.16097	-5.25289E-4
49.18113	-5.25463E-4
49.19584	-5.26475E-4
49.21136	-5.26517E-4
49.22868	-5.26754E-4
49.24813	-5.26541E-4
49.26497	-5.26674E-4
49.27993	-5.26632E-4
49.29622	-5.27583E-4
49.31215	-5.26816E-4
49.32976	-5.26782E-4
49.34466	-5.25455E-4
49.35986	-5.24893E-4
49.37775	-5.25666E-4
49.39623	-5.2661E-4
49.41096	-5.26489E-4
49.42944	-5.26162E-4
49.44575	-5.24737E-4
49.46094	-5.24757E-4
49.47717	-5.25887E-4
49.49465	-5.26842E-4
49.51259	-5.26662E-4
49.53004	-5.26943E-4
49.54665	-5.26993E-4
49.56358	-5.26692E-4
49.58105	-5.28053E-4
49.59575	-5.27011E-4
49.6133	-5.26921E-4
49.62956	-5.26899E-4
49.6459	-5.25821E-4
49.66374	-5.26431E-4
49.6791	-5.26317E-4
49.6961	-5.26066E-4
49.71255	-5.25399E-4
49.72934	-5.24554E-4
49.74539	-5.24281E-4
49.7625	-5.25301E-4
49.78023	-5.27037E-4
49.79621	-5.24895E-4
49.81262	-5.24076E-4
49.8294	-5.23614E-4
49.84471	-5.23355E-4
49.86095	-5.23717E-4
49.87915	-5.24203E-4
49.89679	-5.24269E-4
49.91133	-5.24933E-4
49.9268	-5.24891E-4
49.94403	-5.25538E-4
49.96204	-5.24598E-4
49.97824	-5.24799E-4
49.99477	-5.24955E-4
50.00996	-5.25783E-4
50.02547	-5.2618E-4
50.04149	-5.24887E-4
50.05734	-5.25714E-4
50.07447	-5.24891E-4
50.09256	-5.25305E-4
50.11096	-5.24797E-4
50.12579	-5.24458E-4
50.1405	-5.24508E-4
50.15939	-5.24853E-4
50.17821	-5.25439E-4
50.19347	-5.26646E-4
50.21072	-5.26706E-4
50.22693	-5.2468E-4
50.24222	-5.24564E-4
50.25927	-5.25421E-4
50.27469	-5.24982E-4
50.29249	-5.25136E-4
50.30617	-5.22986E-4
50.32448	-5.21761E-4
50.34285	-5.22661E-4
50.35878	-5.2289E-4
50.37629	-5.2248E-4
50.392	-5.22687E-4
50.40716	-5.22695E-4
50.42616	-5.23568E-4
50.44266	-5.24518E-4
50.45959	-5.25216E-4
50.47446	-5.25889E-4
50.49183	-5.24279E-4
50.50803	-5.22358E-4
50.5234	-5.23484E-4
50.54393	-5.23833E-4
50.55937	-5.19065E-4
50.57442	-4.99781E-4
50.59113	-4.90345E-4
50.60997	-4.91321E-4
50.62527	-4.94186E-4
50.64211	-4.98825E-4
50.65791	-5.02399E-4
50.67492	-5.05787E-4
50.69039	-5.07652E-4
50.7081	-5.11198E-4
50.7263	-5.17909E-4
50.73915	-5.23885E-4
50.75917	-5.25511E-4
50.77394	-5.25108E-4
50.78959	-5.25158E-4
50.80863	-5.23869E-4
50.82393	-5.22486E-4
50.84182	-5.2243E-4
50.85536	-5.22725E-4
50.87349	-5.2287E-4
50.89175	-5.24684E-4
50.90669	-5.2463E-4
50.92425	-5.22095E-4
50.9426	-5.21356E-4
50.95991	-5.19933E-4
50.97665	-5.20105E-4
50.99102	-5.20573E-4
51.0073	-5.20653E-4
51.02327	-5.20352E-4
51.04021	-5.21739E-4
51.05583	-5.21338E-4
51.07495	-5.21958E-4
51.08954	-5.22348E-4
51.10578	-5.22233E-4
51.12347	-5.2247E-4
51.14176	-5.21101E-4
51.15856	-5.22418E-4
51.176	-5.2204E-4
51.19157	-5.20619E-4
51.21121	-5.20804E-4
51.22725	-5.19842E-4
51.24132	-5.19029E-4
51.25657	-5.18738E-4
51.2724	-5.1919E-4
51.29039	-5.19943E-4
51.30513	-5.20159E-4
51.32378	-5.20667E-4
51.34055	-5.20446E-4
51.35808	-5.19898E-4
51.37856	-5.20344E-4
51.39058	-5.22016E-4
51.40796	-5.2247E-4
51.42256	-5.21663E-4
51.44062	-5.2082E-4
51.45613	-5.21597E-4
51.47254	-5.20477E-4
51.49128	-5.20326E-4
51.50524	-5.20155E-4
51.52356	-5.22289E-4
51.54145	-5.22055E-4
51.55819	-5.21107E-4
51.57415	-5.21249E-4
51.5889	-5.20262E-4
51.60511	-5.19776E-4
51.62296	-5.19242E-4
51.63776	-5.18734E-4
51.65644	-5.17963E-4
51.6723	-5.18443E-4
51.68981	-5.19312E-4
51.70736	-5.18921E-4
51.72354	-5.18519E-4
51.73711	-5.19362E-4
51.75257	-5.18082E-4
51.77068	-5.19152E-4
51.79003	-5.18306E-4
51.807	-5.1812E-4
51.82358	-5.18172E-4
51.84114	-5.18622E-4
51.85668	-5.17887E-4
51.87095	-5.16875E-4
51.88723	-5.19491E-4
51.9058	-5.20394E-4
51.92107	-5.21731E-4
51.93898	-5.21958E-4
51.95613	-5.21266E-4
51.97057	-5.20699E-4
51.98511	-5.19738E-4
52.00206	-5.19975E-4
52.0189	-5.20378E-4
52.03709	-5.19174E-4
52.05444	-5.19425E-4
52.06858	-5.18618E-4
52.08683	-5.18879E-4
52.10546	-5.19121E-4
52.12366	-5.19523E-4
52.13778	-5.19065E-4
52.15732	-5.18822E-4
52.1715	-5.18037E-4
52.18934	-5.18806E-4
52.20652	-5.17361E-4
52.22274	-5.1977E-4
52.23845	-5.19274E-4
52.25313	-5.19386E-4
52.27149	-5.20406E-4
52.28598	-5.20864E-4
52.30493	-5.19081E-4
52.32304	-5.1874E-4
52.33795	-5.1918E-4
52.35323	-5.17784E-4
52.37246	-5.18818E-4
52.38966	-5.18632E-4
52.40265	-5.16979E-4
52.41917	-5.17214E-4
52.43719	-5.16911E-4
52.45352	-5.16353E-4
52.4704	-5.16839E-4
52.48742	-5.17477E-4
52.50024	-5.17385E-4
52.51899	-5.16949E-4
52.53536	-5.16182E-4
52.55134	-5.16534E-4
52.56915	-5.16367E-4
52.58514	-5.17399E-4
52.5994	-5.1914E-4
52.6187	-5.19762E-4
52.63539	-5.18353E-4
52.65304	-5.17556E-4
52.66789	-5.17592E-4
52.68517	-5.17925E-4
52.70288	-5.1653E-4
52.71892	-5.17126E-4
52.73365	-5.17554E-4
52.7513	-5.1821E-4
52.76762	-5.17066E-4
52.78576	-5.16574E-4
52.80117	-5.16435E-4
52.81821	-5.16991E-4
52.83663	-5.14633E-4
52.8535	-4.96215E-4
52.86849	-4.84447E-4
52.88495	-4.83442E-4
52.89965	-4.86427E-4
52.91489	-4.90468E-4
52.93336	-4.93365E-4
52.94871	-4.97271E-4
52.96426	-5.00054E-4
52.97938	-5.02314E-4
52.99702	-5.065E-4
53.01377	-5.1241E-4
53.03014	-5.15799E-4
53.04588	-5.16441E-4
53.06303	-5.1601E-4
53.07939	-5.14988E-4
53.09619	-5.15161E-4
53.11519	-5.15088E-4
53.13096	-5.1399E-4
53.14693	-5.14155E-4
53.16248	-5.14352E-4
53.18067	-5.15004E-4
53.19658	-5.14679E-4
53.21443	-5.14044E-4
53.23041	-5.12083E-4
53.24784	-5.135E-4
53.26507	-5.14135E-4
53.28225	-5.15658E-4
53.29858	-5.14036E-4
53.31517	-5.15161E-4
53.33178	-5.15781E-4
53.34727	-5.15907E-4
53.36332	-5.1611E-4
53.38101	-5.15891E-4
53.39916	-5.14534E-4
53.41458	-5.14647E-4
53.43169	-5.17138E-4
53.44785	-5.17415E-4
53.46541	-5.16925E-4
53.48041	-5.16628E-4
53.49755	-5.16897E-4
53.51269	-5.1595E-4
53.53022	-5.15247E-4
53.54777	-5.16753E-4
53.56558	-5.15163E-4
53.5823	-5.16863E-4
53.59761	-5.16839E-4
53.6162	-5.16303E-4
53.63384	-5.15379E-4
53.64951	-5.16168E-4
53.66456	-5.17024E-4
53.6809	-5.15327E-4
53.69758	-5.14474E-4
53.7139	-5.15472E-4
53.73114	-5.16427E-4
53.74843	-5.16506E-4
53.76684	-5.17044E-4
53.78386	-5.17275E-4
53.79769	-5.17148E-4
53.81322	-5.19981E-4
53.83285	-5.18981E-4
53.85035	-5.19037E-4
53.86525	-5.19433E-4
53.88227	-5.1933E-4
53.899	-5.20109E-4
53.91299	-5.19178E-4
53.93061	-5.17387E-4
53.9496	-5.18519E-4
53.96602	-5.17788E-4
53.98151	-5.2093E-4
53.99774	-5.19019E-4
54.0135	-5.19393E-4
54.02987	-5.1879E-4
54.04427	-5.19111E-4
54.06177	-5.18226E-4
54.07894	-5.19395E-4
54.09651	-5.20017E-4
54.11208	-5.18863E-4
54.12868	-5.20563E-4
54.14711	-5.20782E-4
54.16471	-5.2093E-4
54.18132	-5.2205E-4
54.1957	-5.20238E-4
54.21583	-5.19126E-4
54.23009	-5.1916E-4
54.2481	-5.20563E-4
54.26483	-5.21097E-4
54.2825	-5.21514E-4
54.29868	-5.2151E-4
54.3163	-5.20276E-4
54.33113	-5.20629E-4
54.34792	-5.20256E-4
54.365	-5.21053E-4
54.38002	-5.20946E-4
54.39645	-5.22305E-4
54.41477	-5.21372E-4
54.43244	-5.21908E-4
54.44883	-5.2139E-4
54.46423	-5.21486E-4
54.4827	-5.2128E-4
54.49778	-5.20452E-4
54.51356	-5.16747E-4
54.53033	-5.16638E-4
54.54837	-5.16662E-4
54.56439	-5.18479E-4
54.57995	-5.17523E-4
54.59587	-5.17293E-4
54.61317	-5.17004E-4
54.63095	-5.17415E-4
54.6474	-5.16142E-4
54.66394	-5.17387E-4
54.68186	-5.17746E-4
54.69513	-5.16817E-4
54.71292	-5.16451E-4
54.73032	-5.16317E-4
54.74585	-5.13998E-4
54.76381	-5.1548E-4
54.78023	-5.15365E-4
54.79577	-5.14727E-4
54.81387	-5.14882E-4
54.82965	-5.17311E-4
54.8461	-5.17319E-4
54.8621	-5.16166E-4
54.87916	-5.15813E-4
54.89577	-5.15885E-4
54.91084	-5.16321E-4
54.93002	-5.15588E-4
54.9456	-5.15932E-4
54.96167	-5.14313E-4
54.97772	-5.14432E-4
54.99367	-5.14562E-4
55.00981	-5.14073E-4
55.02635	-5.12501E-4
55.04298	-5.14388E-4
55.06151	-5.16048E-4
55.07711	-5.15574E-4
55.09595	-5.15749E-4
55.11084	-5.17263E-4
55.1274	-5.17128E-4
55.14373	-5.16118E-4
55.16001	-5.12183E-4
55.17629	-4.91911E-4
55.19447	-4.82699E-4
55.20989	-4.83126E-4
55.22527	-4.87607E-4
55.24479	-4.90622E-4
55.26093	-4.92387E-4
55.27806	-4.96003E-4
55.29361	-4.9966E-4
55.31047	-5.00572E-4
55.32618	-5.02067E-4
55.34167	-5.07837E-4
55.36066	-5.12436E-4
55.377	-5.14574E-4
55.39217	-5.15114E-4
55.40744	-5.15873E-4
55.42544	-5.15396E-4
55.44399	-5.135E-4
55.45967	-5.13241E-4
55.47709	-5.13057E-4
55.49285	-5.12402E-4
55.51014	-5.12986E-4
55.52574	-5.13872E-4
55.54436	-5.15175E-4
55.56021	-5.15857E-4
55.57634	-5.14305E-4
55.59289	-5.1333E-4
55.61036	-5.13567E-4
55.62525	-5.12073E-4
55.64206	-5.10923E-4
55.65782	-5.10917E-4
55.6724	-5.12473E-4
55.68864	-5.14442E-4
55.7094	-5.13263E-4
55.72595	-5.11834E-4
55.73923	-5.13288E-4
55.75486	-5.13749E-4
55.77299	-5.123E-4
55.79087	-5.12208E-4
55.80521	-5.12513E-4
55.8244	-5.12368E-4
55.84203	-5.12669E-4
55.85773	-5.1391E-4
55.87545	-5.139E-4
55.8923	-5.13804E-4
55.90657	-5.12187E-4
55.92526	-5.11878E-4
55.94078	-5.12258E-4
55.95695	-5.13569E-4
55.97235	-5.12503E-4
55.99116	-5.11832E-4
56.0071	-5.12653E-4
56.0243	-5.12151E-4
56.04076	-5.13079E-4
56.05633	-5.12764E-4
56.0745	-5.13669E-4
56.09133	-5.13406E-4
56.11031	-5.13468E-4
56.12484	-5.15406E-4
56.14082	-5.15835E-4
56.15835	-5.15518E-4
56.1753	-5.14759E-4
56.18886	-5.15494E-4
56.20454	-5.1433E-4
56.22117	-5.13982E-4
56.23764	-5.13543E-4
56.25596	-5.13822E-4
56.27259	-5.12898E-4
56.28944	-5.13508E-4
56.30731	-5.13611E-4
56.32504	-5.15E-4
56.34019	-5.16022E-4
56.35497	-5.16253E-4
56.37253	-5.17132E-4
56.38796	-5.15921E-4
56.40749	-5.15245E-4
56.42243	-5.15618E-4
56.43824	-5.16941E-4
56.45423	-5.19587E-4
56.47336	-5.2027E-4
56.49046	-5.19001E-4
56.50371	-5.19059E-4
56.52119	-5.18138E-4
56.54062	-5.15739E-4
56.55623	-5.16474E-4
56.57182	-5.1551E-4
56.58715	-5.15584E-4
56.60503	-5.17016E-4
56.62031	-5.17534E-4
56.63631	-5.16739E-4
56.65436	-5.16935E-4
56.66996	-5.17698E-4
56.68635	-5.18001E-4
56.70438	-5.18278E-4
56.72073	-5.1618E-4
56.73908	-5.16122E-4
56.75599	-5.16743E-4
56.77461	-5.16672E-4
56.78693	-5.1753E-4
56.80441	-5.17626E-4
56.8237	-5.17491E-4
56.83998	-5.16484E-4
56.85635	-5.15606E-4
56.87339	-5.15345E-4
56.88685	-5.14759E-4
56.90363	-5.14777E-4
56.92195	-5.14392E-4
56.936	-5.13583E-4
56.95089	-5.13838E-4
56.96976	-5.12958E-4
56.98477	-5.13599E-4
57.00264	-5.15257E-4
57.01935	-5.14576E-4
57.03481	-5.13085E-4
57.0525	-5.13326E-4
57.0672	-5.16363E-4
57.08629	-5.16923E-4
57.10102	-5.17389E-4
57.11832	-5.18086E-4
57.13336	-5.19605E-4
57.15168	-5.20286E-4
57.16945	-5.22344E-4
57.18417	-5.20744E-4
57.20159	-5.20396E-4
57.21835	-5.20081E-4
57.23455	-5.21828E-4
57.25208	-5.21812E-4
57.26652	-5.22633E-4
57.28432	-5.21639E-4
57.3032	-5.20609E-4
57.31721	-5.2074E-4
57.33399	-5.20067E-4
57.35302	-5.20455E-4
57.36944	-5.18246E-4
57.38413	-5.16755E-4
57.40095	-5.16186E-4
57.41661	-5.16233E-4
57.43277	-5.16188E-4
57.45095	-5.17297E-4
57.46588	-5.18563E-4
57.48225	-5.18023E-4
57.49933	-5.19099E-4
57.51675	-5.20222E-4
57.53143	-5.19742E-4
57.54825	-5.14165E-4
57.56651	-4.92606E-4
57.58311	-4.84744E-4
57.59856	-4.84756E-4
57.61488	-4.88569E-4
57.63017	-4.91215E-4
57.64943	-4.948E-4
57.66559	-4.98596E-4
57.68326	-5.02063E-4
57.7007	-5.0542E-4
57.7172	-5.07765E-4
57.73384	-5.14129E-4
57.7499	-5.18594E-4
57.76627	-5.21021E-4
57.78117	-5.20376E-4
57.79591	-5.21631E-4
57.8125	-5.21121E-4
57.8298	-5.19224E-4
57.84751	-5.18505E-4
57.86412	-5.18333E-4
57.88085	-5.19445E-4
57.89714	-5.19822E-4
57.91418	-5.18274E-4
57.93153	-5.17475E-4
57.94861	-5.18248E-4
57.96431	-5.19688E-4
57.98173	-5.18174E-4
57.99737	-5.17726E-4
58.01609	-5.16704E-4
58.03283	-5.19912E-4
58.04942	-5.20555E-4
58.06593	-5.22986E-4
58.08266	-5.24454E-4
58.09872	-5.24909E-4
58.11471	-5.24395E-4
58.13216	-5.261E-4
58.14899	-5.26126E-4
58.16428	-5.24586E-4
58.1824	-5.24375E-4
58.19669	-5.2449E-4
58.21261	-5.21763E-4
58.23169	-5.20111E-4
58.25014	-5.18734E-4
58.26665	-5.17453E-4
58.28094	-5.14948E-4
58.29943	-5.1672E-4
58.3171	-5.17764E-4
58.33042	-5.17443E-4
58.34569	-5.15554E-4
58.36359	-5.16006E-4
58.38101	-5.15919E-4
58.39869	-5.16873E-4
58.41347	-5.16162E-4
58.42939	-5.17028E-4
58.44512	-5.18218E-4
58.46226	-5.20167E-4
58.47991	-5.19515E-4
58.49704	-5.19441E-4
58.51399	-5.19393E-4
58.53103	-5.19043E-4
58.54827	-5.17811E-4
58.56518	-5.16706E-4
58.58053	-5.16592E-4
58.59844	-5.16323E-4
58.61212	-5.14458E-4
58.63046	-5.13537E-4
58.64633	-5.15207E-4
58.6636	-5.1498E-4
58.68281	-5.1452E-4
58.69885	-5.1488E-4
58.71642	-5.16977E-4
58.73237	-5.18439E-4
58.74728	-5.19091E-4
58.76513	-5.17841E-4
58.78193	-5.19808E-4
58.79721	-5.19047E-4
58.81573	-5.20372E-4
58.83037	-5.1989E-4
58.84542	-5.20999E-4
58.86296	-5.20573E-4
58.88142	-5.19878E-4
58.89676	-5.18915E-4
58.91126	-5.17803E-4
58.92948	-5.16004E-4
58.94717	-5.15267E-4
58.9646	-5.16347E-4
58.97904	-5.16724E-4
58.99497	-5.17606E-4
59.01154	-5.16566E-4
59.03081	-5.18055E-4
59.04524	-5.17742E-4
59.0619	-5.16722E-4
59.08015	-5.16604E-4
59.09574	-5.16996E-4
59.11189	-5.18148E-4
59.12874	-5.18021E-4
59.14497	-5.18043E-4
59.16287	-5.18704E-4
59.179	-5.21171E-4
59.19575	-5.19649E-4
59.21272	-5.19296E-4
59.23028	-5.1871E-4
59.24537	-5.17361E-4
59.26285	-5.14801E-4
59.27912	-5.1399E-4
59.29714	-5.14382E-4
59.31231	-5.13832E-4
59.32956	-5.11708E-4
59.34343	-5.11802E-4
59.36042	-5.12242E-4
59.37733	-5.11647E-4
59.39486	-5.11551E-4
59.41288	-5.12356E-4
59.42874	-5.15066E-4
59.44328	-5.16941E-4
59.46227	-5.19629E-4
59.4768	-5.18298E-4
59.49139	-5.18549E-4
59.508	-5.16843E-4
59.5263	-5.14944E-4
59.5435	-5.15355E-4
59.55891	-5.14914E-4
59.57678	-5.13922E-4
59.59416	-5.13601E-4
59.61399	-5.1351E-4
59.62911	-5.14323E-4
59.64679	-5.15741E-4
59.66337	-5.16203E-4
59.68041	-5.1606E-4
59.69922	-5.14572E-4
59.71606	-5.14934E-4
59.73205	-5.1454E-4
59.74855	-5.1506E-4
59.76479	-5.1709E-4
59.77957	-5.18304E-4
59.79627	-5.18465E-4
59.81395	-5.17554E-4
59.82957	-5.15729E-4
59.8455	-5.16901E-4
59.86468	-5.18539E-4
59.88046	-5.21233E-4
59.89702	-5.21671E-4
59.91329	-5.23416E-4
59.92837	-5.2415E-4
59.94237	-5.23938E-4
59.96014	-5.24313E-4
59.97741	-5.23502E-4
