temp	cp
5.68407	-5.91252E-4
5.70353	-5.91029E-4
5.71923	-5.9033E-4
5.7354	-5.90718E-4
5.7524	-5.91418E-4
5.76874	-5.90792E-4
5.78584	-5.90208E-4
5.79957	-5.90316E-4
5.81738	-5.90511E-4
5.83273	-5.90055E-4
5.85163	-5.89554E-4
5.86725	-5.90714E-4
5.88504	-5.90375E-4
5.8992	-5.90489E-4
5.9163	-5.90302E-4
5.9338	-5.90658E-4
5.95064	-5.91458E-4
5.96844	-5.90013E-4
5.98276	-5.90463E-4
6.0011	-5.91557E-4
6.01642	-5.91964E-4
6.03316	-5.92117E-4
6.05111	-5.90541E-4
6.06875	-5.90029E-4
6.08454	-5.89556E-4
6.10035	-5.9123E-4
6.11771	-5.90975E-4
6.13455	-5.90495E-4
6.15175	-5.90178E-4
6.16561	-5.91294E-4
6.18236	-5.90957E-4
6.19914	-5.90762E-4
6.21816	-5.89544E-4
6.23284	-5.91011E-4
6.24948	-5.91631E-4
6.26588	-5.90933E-4
6.28164	-5.89795E-4
6.29878	-5.89423E-4
6.31393	-5.90055E-4
6.33254	-5.89136E-4
6.3489	-5.88675E-4
6.36515	-5.89028E-4
6.38224	-5.88715E-4
6.39924	-5.89363E-4
6.41585	-5.89261E-4
6.43146	-5.9025E-4
6.45014	-5.89279E-4
6.46554	-5.88942E-4
6.48176	-5.88903E-4
6.49888	-5.88528E-4
6.51646	-5.89467E-4
6.53075	-5.90547E-4
6.54975	-5.89859E-4
6.5637	-5.89361E-4
6.58066	-5.88281E-4
6.59859	-5.88986E-4
6.61386	-5.88343E-4
6.62991	-5.88988E-4
6.64839	-5.89259E-4
6.66501	-5.88347E-4
6.68108	-5.87743E-4
6.69689	-5.87844E-4
6.71501	-5.8844E-4
6.73088	-5.87673E-4
6.7466	-5.86852E-4
6.76322	-5.88213E-4
6.77993	-5.88755E-4
6.79607	-5.87872E-4
6.81497	-5.88249E-4
6.83077	-5.88759E-4
6.84593	-5.87655E-4
6.86436	-5.87324E-4
6.88091	-5.87288E-4
6.89679	-5.88177E-4
6.91483	-5.86826E-4
6.93089	-5.87709E-4
6.94737	-5.87221E-4
6.9626	-5.87049E-4
6.98004	-5.88731E-4
6.99659	-5.88532E-4
7.01243	-5.8804E-4
7.03246	-5.87761E-4
7.04724	-5.87195E-4
7.06294	-5.87699E-4
7.08129	-5.88492E-4
7.0972	-5.89939E-4
7.11337	-5.88243E-4
7.13093	-5.88538E-4
7.14669	-5.88618E-4
7.1625	-5.87697E-4
7.18023	-5.87288E-4
7.19583	-5.88365E-4
7.21278	-5.89622E-4
7.22893	-5.88819E-4
7.24901	-5.8743E-4
7.26459	-5.88095E-4
7.28154	-5.87701E-4
7.29763	-5.87741E-4
7.31438	-5.87689E-4
7.32998	-5.87575E-4
7.34744	-5.87918E-4
7.36367	-5.88313E-4
7.37841	-5.86965E-4
7.39514	-5.86858E-4
7.41279	-5.85776E-4
7.42846	-5.86547E-4
7.44611	-5.8807E-4
7.46362	-5.87254E-4
7.47945	-5.88269E-4
7.49778	-5.89042E-4
7.5129	-5.87019E-4
7.52941	-5.86336E-4
7.54654	-5.86531E-4
7.56234	-5.87709E-4
7.58042	-5.86677E-4
7.59672	-5.86591E-4
7.61289	-5.86724E-4
7.62856	-5.86244E-4
7.64404	-5.8574E-4
7.6628	-5.8676E-4
7.67811	-5.86346E-4
7.69506	-5.86234E-4
7.71376	-5.87241E-4
7.72829	-5.87402E-4
7.74262	-5.87537E-4
7.76022	-5.86653E-4
7.77693	-5.86924E-4
7.79422	-5.86401E-4
7.81228	-5.86109E-4
7.82815	-5.8684E-4
7.84426	-5.86832E-4
7.86198	-5.88016E-4
7.88056	-5.87412E-4
7.89796	-5.86411E-4
7.91472	-5.86975E-4
7.92815	-5.87103E-4
7.94431	-5.86124E-4
7.96155	-5.8614E-4
7.97911	-5.86597E-4
7.9948	-5.86413E-4
8.01129	-5.85254E-4
8.02739	-5.86888E-4
8.04321	-5.8559E-4
8.06185	-5.84289E-4
8.07702	-5.84014E-4
8.09223	-5.85184E-4
8.10899	-5.84821E-4
8.12694	-5.86115E-4
8.14357	-5.8559E-4
8.15945	-5.84735E-4
8.17663	-5.84353E-4
8.19293	-5.83876E-4
8.21071	-5.83075E-4
8.22649	-5.82936E-4
8.24328	-5.8346E-4
8.26172	-5.85479E-4
8.28112	-5.8579E-4
8.29624	-5.87436E-4
8.31066	-5.87547E-4
8.3287	-5.84895E-4
8.34496	-5.84018E-4
8.361	-5.85584E-4
8.37951	-5.86294E-4
8.39519	-5.85411E-4
8.41176	-5.84721E-4
8.42786	-5.84644E-4
8.44501	-5.84887E-4
8.46167	-5.85192E-4
8.47847	-5.8503E-4
8.49476	-5.85614E-4
8.51146	-5.84638E-4
8.52901	-5.84432E-4
8.54591	-5.84325E-4
8.56216	-5.83071E-4
8.57932	-5.84688E-4
8.59505	-5.84098E-4
8.60942	-5.84793E-4
8.62763	-5.84985E-4
8.6457	-5.85808E-4
8.66066	-5.8512E-4
8.67804	-5.84126E-4
8.69425	-5.84199E-4
8.71209	-5.83603E-4
8.72632	-5.84464E-4
8.74266	-5.84462E-4
8.75851	-5.84399E-4
8.77577	-5.84749E-4
8.79354	-5.85222E-4
8.80952	-5.83857E-4
8.82817	-5.83769E-4
8.84501	-5.83187E-4
8.86298	-5.84865E-4
8.87828	-5.84054E-4
8.89506	-5.83695E-4
8.91227	-5.84126E-4
8.92818	-5.83342E-4
8.94477	-5.83002E-4
8.96141	-5.83115E-4
8.97865	-5.82898E-4
8.99346	-5.8179E-4
9.00992	-5.82422E-4
9.02771	-5.82764E-4
9.04209	-5.82553E-4
9.06062	-5.82013E-4
9.07707	-5.81264E-4
9.09291	-5.81549E-4
9.1096	-5.82149E-4
9.12625	-5.83018E-4
9.14367	-5.82376E-4
9.15963	-5.82184E-4
9.17616	-5.80887E-4
9.191	-5.82202E-4
9.20907	-5.81979E-4
9.2253	-5.83057E-4
9.24219	-5.82741E-4
9.25851	-5.81224E-4
9.27702	-5.81106E-4
9.29477	-5.82061E-4
9.30949	-5.8124E-4
9.32686	-5.8118E-4
9.34092	-5.8116E-4
9.35753	-5.8233E-4
9.37517	-5.82717E-4
9.3918	-5.81866E-4
9.40899	-5.81575E-4
9.42563	-5.81692E-4
9.4421	-5.82962E-4
9.45706	-5.81794E-4
9.47382	-5.8167E-4
9.48936	-5.8122E-4
9.50784	-5.81824E-4
9.5249	-5.80789E-4
9.54032	-5.81413E-4
9.55786	-5.8176E-4
9.57446	-5.81832E-4
9.59061	-5.80526E-4
9.60845	-5.80381E-4
9.6241	-5.81403E-4
9.64107	-5.81937E-4
9.65986	-5.82214E-4
9.67517	-5.80365E-4
9.69101	-5.80064E-4
9.70899	-5.79438E-4
9.7263	-5.7903E-4
9.74251	-5.78679E-4
9.75863	-5.79111E-4
9.77427	-5.79438E-4
9.79254	-5.78579E-4
9.80947	-5.79657E-4
9.82667	-5.78902E-4
9.84375	-5.8066E-4
9.86081	-5.80449E-4
9.87745	-5.81027E-4
9.8895	-5.79699E-4
9.91028	-5.78946E-4
9.92529	-5.79279E-4
9.9414	-5.78442E-4
9.95856	-5.7902E-4
9.9755	-5.79215E-4
9.99301	-5.77698E-4
10.00601	-5.78398E-4
10.02355	-5.79534E-4
10.04164	-5.79572E-4
10.05859	-5.79452E-4
10.07375	-5.79038E-4
10.0946	-5.78187E-4
10.10971	-5.77453E-4
10.12483	-5.77643E-4
10.14122	-5.78691E-4
10.15694	-5.78733E-4
10.17502	-5.76933E-4
10.18972	-5.76578E-4
10.20572	-5.77405E-4
10.22135	-5.77973E-4
10.2406	-5.76331E-4
10.2584	-5.76558E-4
10.2739	-5.75847E-4
10.28799	-5.7659E-4
10.30626	-5.76955E-4
10.32062	-5.76656E-4
10.33768	-5.76465E-4
10.35557	-5.75596E-4
10.37279	-5.77248E-4
10.39083	-5.76863E-4
10.4061	-5.76074E-4
10.42283	-5.75323E-4
10.44084	-5.76289E-4
10.45703	-5.76136E-4
10.47198	-5.7662E-4
10.49174	-5.76004E-4
10.50694	-5.76875E-4
10.52099	-5.7736E-4
10.53825	-5.77344E-4
10.55376	-5.76985E-4
10.57068	-5.76266E-4
10.58925	-5.76226E-4
10.60629	-5.74344E-4
10.62291	-5.73531E-4
10.64012	-5.73149E-4
10.65667	-5.72529E-4
10.67257	-5.74033E-4
10.68945	-5.72826E-4
10.70662	-5.73015E-4
10.72213	-5.75865E-4
10.74023	-5.74376E-4
10.75683	-5.74185E-4
10.77212	-5.74611E-4
10.79125	-5.74039E-4
10.80676	-5.74358E-4
10.82347	-5.73428E-4
10.83798	-5.73537E-4
10.85643	-5.73121E-4
10.87285	-5.73583E-4
10.88758	-5.72413E-4
10.90507	-5.72529E-4
10.92107	-5.72082E-4
10.9365	-5.71654E-4
10.9518	-5.72547E-4
10.96984	-5.7153E-4
10.98856	-5.70624E-4
11.00354	-5.71688E-4
11.02399	-5.70388E-4
11.03748	-5.70964E-4
11.05396	-5.71574E-4
11.07194	-5.70231E-4
11.08646	-5.69089E-4
11.10085	-5.69673E-4
11.11748	-5.70169E-4
11.1363	-5.70801E-4
11.1518	-5.70829E-4
11.16838	-5.70195E-4
11.18506	-5.69009E-4
11.20358	-5.70277E-4
11.21872	-5.70277E-4
11.23569	-5.68553E-4
11.25379	-5.68417E-4
11.27212	-5.67441E-4
11.28866	-5.67549E-4
11.30295	-5.6776E-4
11.32048	-5.67465E-4
11.33779	-5.6762E-4
11.35439	-5.67897E-4
11.36997	-5.66905E-4
11.38725	-5.67744E-4
11.40271	-5.68354E-4
11.42194	-5.68019E-4
11.4383	-5.68663E-4
11.45197	-5.68673E-4
11.46881	-5.67634E-4
11.4875	-5.68232E-4
11.5056	-5.67044E-4
11.52235	-5.6591E-4
11.53796	-5.66203E-4
11.55241	-5.66267E-4
11.56992	-5.65725E-4
11.58683	-5.65825E-4
11.60568	-5.65815E-4
11.62047	-5.64352E-4
11.63501	-5.64784E-4
11.65159	-5.6607E-4
11.66994	-5.66289E-4
11.68761	-5.66213E-4
11.70169	-5.66753E-4
11.7204	-5.66646E-4
11.74027	-5.67254E-4
11.75435	-5.65815E-4
11.76989	-5.65253E-4
11.78735	-5.65514E-4
11.80316	-5.65247E-4
11.81987	-5.6533E-4
11.83543	-5.65872E-4
11.85395	-5.66508E-4
11.87048	-5.6549E-4
11.88633	-5.65318E-4
11.90396	-5.66783E-4
11.92127	-5.66413E-4
11.93696	-5.65984E-4
11.95421	-5.66474E-4
11.97022	-5.64661E-4
11.98387	-5.63579E-4
12.00083	-5.63166E-4
12.01764	-5.63624E-4
12.03384	-5.64204E-4
12.04973	-5.6326E-4
12.06667	-5.6316E-4
12.08633	-5.62459E-4
12.10158	-5.60496E-4
12.11836	-5.60735E-4
12.1327	-5.60832E-4
12.15238	-5.6087E-4
12.16979	-5.60103E-4
12.18668	-5.59527E-4
12.20399	-5.58501E-4
12.22014	-5.59256E-4
12.23601	-5.59822E-4
12.25279	-5.59619E-4
12.27038	-5.58662E-4
12.28805	-5.59003E-4
12.30418	-5.59732E-4
12.31805	-5.58746E-4
12.33626	-5.56552E-4
12.35322	-5.56621E-4
12.37127	-5.57018E-4
12.38597	-5.55719E-4
12.40271	-5.56039E-4
12.42186	-5.55497E-4
12.43928	-5.54192E-4
12.45363	-5.54114E-4
12.47092	-5.5372E-4
12.48849	-5.53821E-4
12.50311	-5.54146E-4
12.519	-5.53209E-4
12.53602	-5.51547E-4
12.55368	-5.52472E-4
12.56902	-5.51793E-4
12.58484	-5.51109E-4
12.60241	-5.51492E-4
12.61999	-5.49602E-4
12.63549	-5.49935E-4
12.65114	-5.49377E-4
12.66627	-5.47932E-4
12.6857	-5.45664E-4
12.70546	-5.45744E-4
12.7189	-5.44564E-4
12.73365	-5.44337E-4
12.75027	-5.43761E-4
12.76919	-5.41543E-4
12.78497	-5.4E-4
12.80214	-5.38731E-4
12.81942	-5.39104E-4
12.83706	-5.38344E-4
12.85479	-5.37972E-4
12.86958	-5.37153E-4
12.88798	-5.36718E-4
12.90254	-5.35626E-4
12.91698	-5.33986E-4
12.9348	-5.34038E-4
12.94998	-5.32224E-4
12.96655	-5.30903E-4
12.98318	-5.28585E-4
13.00033	-5.2668E-4
13.01627	-5.25353E-4
13.03385	-5.2377E-4
13.04939	-5.22969E-4
13.06771	-5.22052E-4
13.08176	-5.20063E-4
13.1005	-5.17496E-4
13.11803	-5.16504E-4
13.13524	-5.17451E-4
13.15279	-5.16944E-4
13.16839	-5.14158E-4
13.18613	-5.11177E-4
13.20285	-5.10563E-4
13.21817	-5.0986E-4
13.23378	-5.10308E-4
13.2515	-5.08383E-4
13.2671	-5.0577E-4
13.28402	-5.02275E-4
13.30118	-4.99536E-4
13.31927	-4.97936E-4
13.33293	-4.96232E-4
13.35041	-4.92786E-4
13.3671	-4.90656E-4
13.38357	-4.88812E-4
13.40036	-4.87834E-4
13.41466	-4.8508E-4
13.43175	-4.82608E-4
13.45063	-4.7942E-4
13.46738	-4.77815E-4
13.48323	-4.75583E-4
13.4989	-4.71918E-4
13.51379	-4.71271E-4
13.53028	-4.66872E-4
13.54723	-4.6357E-4
13.56413	-4.58907E-4
13.58139	-4.55961E-4
13.59827	-4.53494E-4
13.61642	-4.49923E-4
13.63349	-4.46188E-4
13.65014	-4.44181E-4
13.66451	-4.39922E-4
13.6837	-4.35755E-4
13.69858	-4.31626E-4
13.71644	-4.27594E-4
13.73347	-4.22638E-4
13.75092	-4.20388E-4
13.76878	-4.16175E-4
13.78349	-4.1071E-4
13.79802	-4.05993E-4
13.81753	-3.99602E-4
13.83284	-3.95735E-4
13.84836	-3.91046E-4
13.86234	-3.86664E-4
13.88147	-3.8141E-4
13.9	-3.77536E-4
13.91532	-3.70615E-4
13.92993	-3.63436E-4
13.94707	-3.57981E-4
13.96244	-3.53687E-4
13.97925	-3.46092E-4
13.99602	-3.38728E-4
14.01042	-3.3294E-4
14.02614	-3.26175E-4
14.04128	-3.17774E-4
14.05758	-3.11062E-4
14.07597	-3.03583E-4
14.09402	-2.95707E-4
14.11096	-2.88941E-4
14.12779	-2.8069E-4
14.14279	-2.70845E-4
14.16073	-2.60727E-4
14.17837	-2.51291E-4
14.19302	-2.42761E-4
14.21053	-2.33651E-4
14.22853	-2.24064E-4
14.24447	-2.13411E-4
14.25949	-2.02379E-4
14.27547	-1.92115E-4
14.29228	-1.805E-4
14.30947	-1.69244E-4
14.32615	-1.5818E-4
14.34317	-1.4566E-4
14.3599	-1.33268E-4
14.37557	-1.21247E-4
14.39112	-1.0922E-4
14.41162	-9.47448E-5
14.42609	-8.03015E-5
14.44222	-6.73334E-5
14.45944	-5.44194E-5
14.47624	-4.10098E-5
14.49326	-2.60827E-5
14.50665	-9.93532E-6
14.52397	5.63001E-6
14.5407	2.20002E-5
14.55816	3.93097E-5
14.57583	5.7099E-5
14.59324	7.54341E-5
14.60936	9.36629E-5
14.62449	1.12833E-4
14.64161	1.30695E-4
14.66026	1.51912E-4
14.67486	1.71566E-4
14.69116	1.92037E-4
14.71029	2.14248E-4
14.726	2.36272E-4
14.74046	2.58651E-4
14.7572	2.79331E-4
14.77377	3.02351E-4
14.79199	3.26226E-4
14.80864	3.5274E-4
14.82214	3.7921E-4
14.84094	4.04289E-4
14.85799	4.31189E-4
14.87492	4.58387E-4
14.89041	4.86548E-4
14.90667	5.13421E-4
14.92375	5.39945E-4
14.94054	5.68051E-4
14.95761	5.9526E-4
14.97168	6.23811E-4
14.98799	6.51456E-4
15.00581	6.79369E-4
15.02257	7.05225E-4
15.0399	7.3134E-4
15.0563	7.57964E-4
15.07346	7.83278E-4
15.08981	8.05682E-4
15.10585	8.27781E-4
15.12335	8.49713E-4
15.14072	8.66717E-4
15.15783	8.83444E-4
15.17211	8.98735E-4
15.18884	9.1212E-4
15.20622	9.21225E-4
15.22226	9.28061E-4
15.23829	9.32806E-4
15.25737	9.35251E-4
15.27269	9.33155E-4
15.28737	9.26724E-4
15.30612	9.1757E-4
15.32399	9.05308E-4
15.33936	8.88462E-4
15.35585	8.70057E-4
15.37229	8.46156E-4
15.38847	8.16653E-4
15.40344	7.84555E-4
15.42179	7.49418E-4
15.43948	7.09488E-4
15.45603	6.68145E-4
15.47249	6.21931E-4
15.48939	5.72774E-4
15.50682	5.21231E-4
15.52105	4.67175E-4
15.53902	4.10062E-4
15.55719	3.52676E-4
15.57392	2.94449E-4
15.59082	2.36077E-4
15.60704	1.76519E-4
15.62273	1.16741E-4
15.64036	5.90559E-5
15.65577	6.85035E-6
15.67308	-4.48996E-5
15.68819	-9.69647E-5
15.70507	-1.44901E-4
15.72249	-1.91216E-4
15.73726	-2.31816E-4
15.75289	-2.69544E-4
15.76999	-3.03643E-4
15.78701	-3.33076E-4
15.80221	-3.6174E-4
15.81976	-3.85532E-4
15.83603	-4.06818E-4
15.85417	-4.22133E-4
15.87255	-4.36684E-4
15.88563	-4.49488E-4
15.9045	-4.60188E-4
15.92199	-4.67851E-4
15.9377	-4.75181E-4
15.95303	-4.81269E-4
15.9706	-4.85592E-4
15.98515	-4.9006E-4
16.00391	-4.92758E-4
16.02107	-4.95921E-4
16.03725	-4.9684E-4
16.05214	-4.97101E-4
16.0701	-4.98546E-4
16.08887	-4.98964E-4
16.10401	-4.99983E-4
16.1236	-5.00995E-4
16.13844	-5.02328E-4
16.15392	-5.02E-4
16.16783	-5.00656E-4
16.18675	-5.02324E-4
16.20459	-5.02087E-4
16.22188	-5.01266E-4
16.23619	-5.00784E-4
16.25102	-5.03128E-4
16.26953	-5.03965E-4
16.28504	-5.01615E-4
16.30256	-5.01577E-4
16.31781	-5.02518E-4
16.33408	-5.01009E-4
16.35114	-5.00337E-4
16.36837	-4.9948E-4
16.38384	-4.98669E-4
16.40051	-5.00537E-4
16.41931	-5.00156E-4
16.43548	-5.00473E-4
16.45217	-5.00895E-4
16.46927	-4.99516E-4
16.4873	-5.00579E-4
16.50273	-5.00463E-4
16.51919	-5.00166E-4
16.53267	-4.99439E-4
16.55102	-5.008E-4
16.56929	-5.00553E-4
16.58493	-4.99698E-4
16.60265	-4.99319E-4
16.61768	-5.00393E-4
16.63525	-4.99935E-4
16.65223	-4.99829E-4
16.66818	-4.99989E-4
16.68448	-4.99843E-4
16.70172	-4.98861E-4
16.71703	-4.99295E-4
16.73612	-4.98916E-4
16.75134	-4.98819E-4
16.76672	-4.98289E-4
16.7845	-4.97946E-4
16.8019	-4.98992E-4
16.8185	-4.99048E-4
16.83442	-4.98655E-4
16.8487	-4.99211E-4
16.86633	-5.00052E-4
16.88272	-4.98223E-4
16.90027	-4.98016E-4
16.91699	-4.98179E-4
16.93381	-4.98201E-4
16.95048	-5.00023E-4
16.96685	-4.99371E-4
16.98169	-4.98691E-4
16.99984	-4.99419E-4
17.01577	-4.98691E-4
17.03163	-4.99104E-4
17.04846	-4.97878E-4
17.06856	-4.98241E-4
17.084	-4.97673E-4
17.09794	-4.97792E-4
17.11461	-4.97262E-4
17.13073	-4.97669E-4
17.14928	-4.97274E-4
17.16736	-4.97661E-4
17.18175	-4.99512E-4
17.19972	-5.00068E-4
17.21732	-4.9746E-4
17.23437	-4.98837E-4
17.24917	-4.9785E-4
17.26635	-4.99375E-4
17.27952	-4.96744E-4
17.29831	-4.97366E-4
17.31603	-4.97577E-4
17.33203	-4.95692E-4
17.34923	-4.99299E-4
17.36694	-4.98229E-4
17.38162	-4.95684E-4
17.40071	-4.95106E-4
17.41623	-4.97509E-4
17.43283	-4.94883E-4
17.44785	-4.93432E-4
17.46454	-4.94658E-4
17.4822	-4.92346E-4
17.49895	-4.95574E-4
17.51557	-4.95E-4
17.53126	-4.93691E-4
17.54843	-4.92324E-4
17.56727	-4.9498E-4
17.58379	-4.93354E-4
17.59803	-4.92077E-4
17.61573	-4.92633E-4
17.63081	-4.9508E-4
17.64893	-4.93109E-4
17.66661	-4.923E-4
17.68102	-4.93679E-4
17.69853	-4.94887E-4
17.71436	-4.9278E-4
17.72815	-4.92709E-4
17.74671	-4.92555E-4
17.76394	-4.91515E-4
17.78085	-4.94305E-4
17.7977	-4.9356E-4
17.81433	-4.92386E-4
17.83244	-4.92671E-4
17.84708	-4.90046E-4
17.863	-4.93442E-4
17.88125	-4.92025E-4
17.89773	-4.92575E-4
17.91418	-4.91872E-4
17.93009	-4.91068E-4
17.94565	-4.90471E-4
17.9618	-4.89837E-4
17.97654	-4.91604E-4
17.99707	-4.90188E-4
18.01324	-4.89532E-4
18.02969	-4.92119E-4
18.0453	-4.89109E-4
18.06179	-4.90128E-4
18.07913	-4.90146E-4
18.09469	-4.91136E-4
18.11162	-4.91551E-4
18.13213	-4.9049E-4
18.14859	-4.88786E-4
18.16516	-4.89594E-4
18.17858	-4.88962E-4
18.1965	-4.8731E-4
18.2138	-4.89522E-4
18.23125	-4.87914E-4
18.24842	-4.88097E-4
18.26223	-4.89348E-4
18.28137	-4.88812E-4
18.29882	-4.88699E-4
18.31486	-4.8891E-4
18.32759	-4.88354E-4
18.34478	-4.89598E-4
18.36335	-4.88563E-4
18.37948	-4.8828E-4
18.39553	-4.86961E-4
18.41384	-4.87186E-4
18.42955	-4.87146E-4
18.44324	-4.85943E-4
18.46217	-4.85839E-4
18.47869	-4.85488E-4
18.49655	-4.8601E-4
18.51235	-4.8616E-4
18.52692	-4.86449E-4
18.54665	-4.85847E-4
18.56343	-4.85787E-4
18.57988	-4.86716E-4
18.59713	-4.86036E-4
18.61146	-4.8662E-4
18.62691	-4.87218E-4
18.6465	-4.85197E-4
18.66208	-4.83746E-4
18.67949	-4.84641E-4
18.69641	-4.85245E-4
18.71209	-4.85897E-4
18.72945	-4.85034E-4
18.74699	-4.84938E-4
18.75974	-4.85283E-4
18.77446	-4.85008E-4
18.79302	-4.84966E-4
18.81073	-4.84033E-4
18.82945	-4.84641E-4
18.84497	-4.83631E-4
18.86051	-4.82672E-4
18.87795	-4.81981E-4
18.89495	-4.8286E-4
18.9089	-4.82005E-4
18.92887	-4.81873E-4
18.94629	-4.81329E-4
18.96091	-4.81207E-4
18.97838	-4.80903E-4
18.99307	-4.80928E-4
19.00972	-4.81518E-4
19.02693	-4.81128E-4
19.04212	-4.81221E-4
19.05876	-4.80364E-4
19.07701	-4.80217E-4
19.09288	-4.80488E-4
19.11059	-4.79605E-4
19.12678	-4.80255E-4
19.14316	-4.79414E-4
19.1612	-4.79103E-4
19.17812	-4.789E-4
19.19295	-4.77082E-4
19.2102	-4.77355E-4
19.22815	-4.77606E-4
19.24212	-4.78714E-4
19.26159	-4.79175E-4
19.27757	-4.78772E-4
19.29198	-4.77387E-4
19.30777	-4.77108E-4
19.32393	-4.75607E-4
19.34172	-4.76606E-4
19.35949	-4.74519E-4
19.37588	-4.75263E-4
19.39407	-4.75376E-4
19.409	-4.76327E-4
19.42607	-4.77479E-4
19.44247	-4.76131E-4
19.45638	-4.7442E-4
19.47414	-4.74017E-4
19.4914	-4.74699E-4
19.50939	-4.7363E-4
19.52329	-4.7365E-4
19.54187	-4.75432E-4
19.55625	-4.75932E-4
19.57368	-4.74792E-4
19.59067	-4.74505E-4
19.60594	-4.74479E-4
19.62214	-4.73768E-4
19.63988	-4.72588E-4
19.65632	-4.71855E-4
19.67245	-4.7204E-4
19.68997	-4.74145E-4
19.70439	-4.73537E-4
19.72232	-4.73561E-4
19.74054	-4.73963E-4
19.75631	-4.71803E-4
19.77156	-4.70505E-4
19.78777	-4.7079E-4
19.80635	-4.7085E-4
19.82161	-4.71912E-4
19.83801	-4.70515E-4
19.85657	-4.71063E-4
19.87351	-4.69346E-4
19.88814	-4.67361E-4
19.90627	-4.67024E-4
19.92445	-4.67042E-4
19.94324	-4.68399E-4
19.95776	-4.69409E-4
19.97352	-4.69987E-4
19.99105	-4.67921E-4
20.00824	-4.69678E-4
20.02403	-4.69033E-4
20.04316	-4.66512E-4
20.0575	-4.66707E-4
20.07535	-4.68397E-4
20.09221	-4.66689E-4
20.10773	-4.67255E-4
20.12519	-4.65649E-4
20.14123	-4.65089E-4
20.15777	-4.63829E-4
20.17577	-4.63759E-4
20.1908	-4.63261E-4
20.20766	-4.62795E-4
20.22387	-4.63361E-4
20.23808	-4.63494E-4
20.25676	-4.64062E-4
20.27531	-4.65143E-4
20.2889	-4.64901E-4
20.30475	-4.63763E-4
20.3233	-4.61882E-4
20.33841	-4.62564E-4
20.35489	-4.62562E-4
20.3724	-4.62243E-4
20.38808	-4.61617E-4
20.40361	-4.61609E-4
20.42135	-4.6144E-4
20.43766	-4.61607E-4
20.45477	-4.62203E-4
20.47003	-4.61631E-4
20.48757	-4.61986E-4
20.50532	-4.6077E-4
20.52104	-4.59841E-4
20.53919	-4.59614E-4
20.55477	-4.5804E-4
20.57084	-4.56561E-4
20.5894	-4.57384E-4
20.60445	-4.56107E-4
20.62094	-4.57452E-4
20.63748	-4.55864E-4
20.65207	-4.5524E-4
20.6706	-4.55076E-4
20.68688	-4.54287E-4
20.70442	-4.55182E-4
20.7208	-4.54662E-4
20.73666	-4.53586E-4
20.75296	-4.53155E-4
20.77047	-4.5352E-4
20.78907	-4.53155E-4
20.80603	-4.51282E-4
20.82056	-4.50973E-4
20.83789	-4.50999E-4
20.85484	-4.52763E-4
20.87192	-4.52577E-4
20.88799	-4.51734E-4
20.90483	-4.52406E-4
20.92068	-4.50546E-4
20.93619	-4.48829E-4
20.95426	-4.47982E-4
20.97084	-4.47505E-4
20.98814	-4.47422E-4
21.00431	-4.4773E-4
21.02166	-4.49165E-4
21.03898	-4.47563E-4
21.05316	-4.4716E-4
21.06974	-4.4618E-4
21.08587	-4.44281E-4
21.10401	-4.44239E-4
21.11888	-4.43145E-4
21.13735	-4.42997E-4
21.15422	-4.43408E-4
21.17084	-4.42706E-4
21.18839	-4.43201E-4
21.20232	-4.42563E-4
21.2212	-4.41979E-4
21.23725	-4.4043E-4
21.2531	-4.39316E-4
21.26851	-4.37212E-4
21.28452	-4.3826E-4
21.30211	-4.37776E-4
21.31805	-4.36999E-4
21.33507	-4.36853E-4
21.35226	-4.38276E-4
21.37031	-4.37828E-4
21.38783	-4.36413E-4
21.40192	-4.35946E-4
21.42064	-4.35181E-4
21.43359	-4.34143E-4
21.45204	-4.33804E-4
21.46745	-4.34396E-4
21.48774	-4.33832E-4
21.50193	-4.34501E-4
21.51748	-4.33746E-4
21.53587	-4.33096E-4
21.55389	-4.30976E-4
21.56994	-4.3098E-4
21.58539	-4.30157E-4
21.60243	-4.29653E-4
21.61731	-4.28222E-4
21.63465	-4.27207E-4
21.6533	-4.26771E-4
21.66865	-4.25936E-4
21.68607	-4.25218E-4
21.69962	-4.25127E-4
21.71637	-4.24489E-4
21.73341	-4.25432E-4
21.74959	-4.23853E-4
21.7667	-4.23375E-4
21.78385	-4.23116E-4
21.80073	-4.21573E-4
21.81657	-4.2097E-4
21.83314	-4.21225E-4
21.84829	-4.19824E-4
21.86618	-4.18273E-4
21.88436	-4.18917E-4
21.90173	-4.17207E-4
21.91616	-4.1531E-4
21.93265	-4.14138E-4
21.95147	-4.12882E-4
21.96668	-4.12589E-4
21.98234	-4.1245E-4
21.99921	-4.12729E-4
22.01671	-4.12384E-4
22.03344	-4.11137E-4
22.04979	-4.09307E-4
22.06539	-4.08219E-4
22.08309	-4.06124E-4
22.10075	-4.04773E-4
22.11492	-4.05913E-4
22.13349	-4.05696E-4
22.14935	-4.03864E-4
22.16724	-4.04229E-4
22.1833	-4.02866E-4
22.19811	-4.00136E-4
22.21631	-4.00427E-4
22.23038	-4.00995E-4
22.2497	-3.98635E-4
22.26623	-3.97631E-4
22.28076	-3.95418E-4
22.29719	-3.92618E-4
22.31487	-3.74752E-4
22.33198	-3.59454E-4
22.34823	-3.55078E-4
22.36511	-3.56806E-4
22.3813	-3.58751E-4
22.39972	-3.60024E-4
22.41575	-3.63087E-4
22.43176	-3.65226E-4
22.44997	-3.65602E-4
22.46559	-3.6557E-4
22.48282	-3.64725E-4
22.49823	-3.63948E-4
22.51544	-3.63073E-4
22.53276	-3.62974E-4
22.5478	-3.6246E-4
22.56622	-3.64165E-4
22.58231	-3.66752E-4
22.59733	-3.69726E-4
22.6139	-3.69413E-4
22.62908	-3.68656E-4
22.6456	-3.68562E-4
22.66409	-3.66262E-4
22.67971	-3.64251E-4
22.69828	-3.63916E-4
22.7124	-3.6281E-4
22.73023	-3.59919E-4
22.74748	-3.56561E-4
22.76556	-3.53637E-4
22.78034	-3.50719E-4
22.79896	-3.48115E-4
22.81559	-3.47174E-4
22.82952	-3.44282E-4
22.84478	-3.42345E-4
22.86467	-3.3931E-4
22.88259	-3.37142E-4
22.89599	-3.33861E-4
22.91197	-3.3188E-4
22.92863	-3.3032E-4
22.94652	-3.2676E-4
22.96258	-3.23183E-4
22.98264	-3.19945E-4
22.99952	-3.16832E-4
23.0143	-3.13388E-4
23.03112	-3.11778E-4
23.04653	-3.07126E-4
23.06304	-3.04308E-4
23.08158	-2.99302E-4
23.09706	-2.95282E-4
23.11557	-2.89909E-4
23.13195	-2.85798E-4
23.14887	-2.81477E-4
23.16373	-2.75724E-4
23.18193	-2.69636E-4
23.19743	-2.64685E-4
23.2111	-2.59519E-4
23.23037	-2.5203E-4
23.24665	-2.45689E-4
23.26291	-2.37508E-4
23.28026	-2.28384E-4
23.29574	-2.1985E-4
23.31329	-2.10649E-4
23.33116	-2.01251E-4
23.34709	-1.91125E-4
23.36277	-1.79087E-4
23.38109	-1.67327E-4
23.39643	-1.52612E-4
23.4106	-1.37396E-4
23.42635	-1.20255E-4
23.44496	-1.0185E-4
23.46043	-8.28385E-5
23.47768	-6.13501E-5
23.49391	-3.51971E-5
23.51125	-8.93175E-6
23.52608	2.1651E-5
23.54133	5.9925E-5
23.55999	1.03656E-4
23.57613	1.55589E-4
23.59594	2.17226E-4
23.60918	2.94013E-4
23.62726	3.91233E-4
23.64251	5.19976E-4
23.65844	6.90643E-4
23.6771	9.1539E-4
23.69346	0.00122
23.71011	0.00166
23.72659	0.00232
23.74008	0.00348
23.7566	0.00572
23.77451	0.00987
23.79116	0.01666
23.80475	0.02601
23.8216	0.03656
23.83904	0.0457
23.85669	0.05043
23.87511	0.04892
23.89148	0.04231
23.908	0.03395
23.9254	0.02606
23.94077	0.01934
23.9581	0.01395
23.9748	0.00983
23.99257	0.0068
24.00785	0.00465
24.02408	0.00316
24.04085	0.00214
24.05953	0.00145
24.07716	9.87874E-4
24.09264	6.72019E-4
24.11025	4.54995E-4
24.12552	3.10086E-4
24.14236	2.10839E-4
24.16007	1.412E-4
24.17591	9.33017E-5
24.19363	5.86184E-5
24.20921	3.34589E-5
24.22523	1.64384E-5
24.24303	2.13158E-6
24.25834	-1.10653E-5
24.27596	-2.2233E-5
24.29205	-3.09079E-5
24.30976	-4.04016E-5
24.32507	-4.75611E-5
24.34237	-5.36166E-5
24.35978	-5.99391E-5
24.37647	-6.45816E-5
24.39309	-7.2291E-5
24.40802	-7.86877E-5
24.42399	-8.4689E-5
24.44302	-9.1704E-5
24.45886	-9.64187E-5
24.4717	-1.01356E-4
24.49146	-1.07317E-4
24.50917	-1.12642E-4
24.52432	-1.16538E-4
24.543	-1.20609E-4
24.55896	-1.26351E-4
24.5765	-1.30693E-4
24.59368	-1.34141E-4
24.60724	-1.40566E-4
24.62692	-1.43524E-4
24.64229	-1.48175E-4
24.65747	-1.54708E-4
24.67381	-1.59138E-4
24.69028	-1.62745E-4
24.70652	-1.65318E-4
24.72372	-1.69023E-4
24.74045	-1.73794E-4
24.76055	-1.77531E-4
24.7776	-1.81782E-4
24.79227	-1.86465E-4
24.80919	-1.91077E-4
24.82615	-1.94299E-4
24.84313	-1.99027E-4
24.85893	-2.02478E-4
24.87483	-2.0528E-4
24.88927	-2.08491E-4
24.90672	-2.11191E-4
24.92232	-2.17327E-4
24.94158	-2.21126E-4
24.95883	-2.23232E-4
24.97296	-2.27396E-4
24.99094	-2.30732E-4
25.00701	-2.34359E-4
25.02495	-2.37296E-4
25.04322	-2.40214E-4
25.05662	-2.44696E-4
25.07472	-2.46908E-4
25.09034	-2.49366E-4
25.10566	-2.5204E-4
25.1211	-2.56341E-4
25.14082	-2.59428E-4
25.15787	-2.63226E-4
25.17435	-2.66389E-4
25.19002	-2.68368E-4
25.2066	-2.71405E-4
25.22379	-2.75905E-4
25.23907	-2.78795E-4
25.26014	-2.80521E-4
25.27654	-2.8344E-4
25.28939	-2.8702E-4
25.3076	-2.87849E-4
25.32445	-2.91912E-4
25.33969	-2.94166E-4
25.35322	-2.96675E-4
25.3719	-3.02024E-4
25.38903	-3.0368E-4
25.40622	-3.06602E-4
25.42162	-3.09301E-4
25.44064	-3.11562E-4
25.45628	-3.12667E-4
25.47387	-3.15873E-4
25.48868	-3.19331E-4
25.50406	-3.21694E-4
25.52095	-3.24666E-4
25.53887	-3.27241E-4
25.55498	-3.27884E-4
25.57139	-3.29883E-4
25.58525	-3.34001E-4
25.60319	-3.36853E-4
25.62181	-3.40416E-4
25.63756	-3.41863E-4
25.65425	-3.44458E-4
25.67151	-3.46444E-4
25.68731	-3.48025E-4
25.70358	-3.50072E-4
25.72321	-3.5264E-4
25.73694	-3.54392E-4
25.75367	-3.57485E-4
25.76898	-3.61495E-4
25.78622	-3.62109E-4
25.80463	-3.64E-4
25.82067	-3.67127E-4
25.83704	-3.70238E-4
25.85306	-3.70822E-4
25.87	-3.71828E-4
25.88696	-3.75435E-4
25.90339	-3.76974E-4
25.91952	-3.79298E-4
25.93895	-3.81061E-4
25.95455	-3.81695E-4
25.97077	-3.83395E-4
25.9872	-3.86666E-4
26.00448	-3.86935E-4
26.01919	-3.90368E-4
26.03489	-3.91255E-4
26.05211	-3.93794E-4
26.06886	-3.94876E-4
26.08726	-3.97361E-4
26.10312	-3.9834E-4
26.11973	-4.00365E-4
26.137	-4.03368E-4
26.1533	-4.04564E-4
26.16862	-4.0407E-4
26.18273	-4.06106E-4
26.20207	-4.07822E-4
26.21586	-4.0947E-4
26.23304	-4.10455E-4
26.25063	-4.11198E-4
26.26744	-4.12922E-4
26.286	-4.14969E-4
26.30259	-4.16689E-4
26.318	-4.20091E-4
26.33364	-4.21243E-4
26.35159	-4.22135E-4
26.36725	-4.23833E-4
26.38558	-4.24027E-4
26.40264	-4.2548E-4
26.4184	-4.28539E-4
26.43526	-4.3086E-4
26.45172	-4.30932E-4
26.46704	-4.32473E-4
26.4832	-4.337E-4
26.50012	-4.35412E-4
26.51735	-4.36215E-4
26.53306	-4.38288E-4
26.54939	-4.40807E-4
26.56707	-4.40323E-4
26.58329	-4.41283E-4
26.5988	-4.42662E-4
26.61685	-4.44346E-4
26.63225	-4.45367E-4
26.64694	-4.44976E-4
26.66532	-4.45861E-4
26.68249	-4.49311E-4
26.69852	-4.51079E-4
26.71834	-4.5349E-4
26.73346	-4.55429E-4
26.74742	-4.54738E-4
26.76706	-4.55375E-4
26.78568	-4.56778E-4
26.80132	-4.57888E-4
26.8167	-4.5801E-4
26.83091	-4.59511E-4
26.84832	-4.61996E-4
26.86441	-4.61456E-4
26.88051	-4.63048E-4
26.8968	-4.6477E-4
26.91319	-4.64581E-4
26.93131	-4.61476E-4
26.94754	-4.41214E-4
26.96442	-4.33098E-4
26.98126	-4.35301E-4
26.99981	-4.38515E-4
27.01536	-4.41925E-4
27.03206	-4.45006E-4
27.04895	-4.49602E-4
27.06352	-4.52458E-4
27.08005	-4.55696E-4
27.09762	-4.59445E-4
27.11282	-4.59887E-4
27.13154	-4.62061E-4
27.14531	-4.63329E-4
27.16353	-4.66087E-4
27.18184	-4.66876E-4
27.19663	-4.71032E-4
27.21214	-4.78377E-4
27.23053	-4.82646E-4
27.24662	-4.84127E-4
27.26223	-4.86297E-4
27.28031	-4.8786E-4
27.29572	-4.87918E-4
27.31246	-4.87067E-4
27.32983	-4.87898E-4
27.34793	-4.88988E-4
27.36327	-4.90391E-4
27.37789	-4.91427E-4
27.39666	-4.9296E-4
27.41307	-4.93864E-4
27.42923	-4.95497E-4
27.44593	-4.95377E-4
27.46263	-4.97557E-4
27.47954	-4.98225E-4
27.49609	-4.98855E-4
27.51228	-4.98709E-4
27.52895	-4.99345E-4
27.54788	-5.02031E-4
27.56312	-5.03498E-4
27.57939	-5.02809E-4
27.59445	-5.0423E-4
27.61129	-5.04726E-4
27.6282	-5.04871E-4
27.64618	-5.05324E-4
27.66484	-5.06874E-4
27.68054	-5.07719E-4
27.69755	-5.07604E-4
27.71418	-5.09728E-4
27.73181	-5.10541E-4
27.74764	-5.10639E-4
27.7637	-5.1044E-4
27.77926	-5.113E-4
27.79487	-5.12823E-4
27.81264	-5.13297E-4
27.82926	-5.14485E-4
27.84727	-5.16938E-4
27.86439	-5.17791E-4
27.87948	-5.16062E-4
27.89763	-5.16807E-4
27.91489	-5.17128E-4
27.93222	-5.18172E-4
27.94462	-5.20416E-4
27.9612	-5.20731E-4
27.97834	-5.20462E-4
27.99701	-5.20884E-4
28.01204	-5.19322E-4
28.02718	-5.20384E-4
28.04439	-5.22786E-4
28.06065	-5.2558E-4
28.0764	-5.24667E-4
28.09508	-5.25093E-4
28.11166	-5.24603E-4
28.12553	-5.24274E-4
28.14417	-5.24388E-4
28.16308	-5.25022E-4
28.17915	-5.25681E-4
28.19515	-5.26371E-4
28.21172	-5.2596E-4
28.22816	-5.27218E-4
28.24449	-5.29211E-4
28.26217	-5.29829E-4
28.27821	-5.28507E-4
28.29519	-5.29998E-4
28.31064	-5.29962E-4
28.32772	-5.30881E-4
28.3452	-5.30921E-4
28.36226	-5.31016E-4
28.37877	-5.30201E-4
28.39378	-5.29918E-4
28.41123	-5.30658E-4
28.42848	-5.32439E-4
28.44405	-5.33402E-4
28.46233	-5.32633E-4
28.47876	-5.32762E-4
28.49398	-5.33579E-4
28.51206	-5.34221E-4
28.52879	-5.35375E-4
28.5469	-5.37051E-4
28.56029	-5.36876E-4
28.57782	-5.36541E-4
28.59482	-5.37196E-4
28.61078	-5.36266E-4
28.62645	-5.3617E-4
28.64376	-5.37485E-4
28.6595	-5.37659E-4
28.67641	-5.38075E-4
28.69368	-5.39556E-4
28.70969	-5.38835E-4
28.72664	-5.37617E-4
28.745	-5.38514E-4
28.76257	-5.39177E-4
28.77536	-5.41095E-4
28.79296	-5.40337E-4
28.81111	-5.40088E-4
28.82637	-5.39925E-4
28.84258	-5.40285E-4
28.85922	-5.41188E-4
28.87623	-5.42043E-4
28.89249	-5.42743E-4
28.90852	-5.43223E-4
28.92671	-5.44361E-4
28.94175	-5.4356E-4
28.95956	-5.45559E-4
28.97446	-5.45874E-4
28.99122	-5.46986E-4
29.00705	-5.45682E-4
29.02215	-5.44319E-4
29.042	-5.44927E-4
29.05953	-5.44209E-4
29.07458	-5.4731E-4
29.09363	-5.48132E-4
29.10923	-5.4811E-4
29.12445	-5.49094E-4
29.14122	-5.49776E-4
29.16079	-5.48753E-4
29.18028	-5.48032E-4
29.19481	-5.51067E-4
29.2109	-5.52068E-4
29.22567	-5.53132E-4
29.24189	-5.54854E-4
29.26062	-5.54589E-4
29.27394	-5.5481E-4
29.29158	-5.54202E-4
29.30827	-5.56197E-4
29.32546	-5.55135E-4
29.34024	-5.53624E-4
29.3569	-5.53821E-4
29.37301	-5.54947E-4
29.38987	-5.56348E-4
29.40431	-5.56703E-4
29.42382	-5.56861E-4
29.44116	-5.5763E-4
29.45547	-5.57112E-4
29.47491	-5.56801E-4
29.488	-5.58483E-4
29.5064	-5.5925E-4
29.52495	-5.60896E-4
29.53836	-5.59985E-4
29.55065	-5.59308E-4
29.56653	-5.58556E-4
29.57948	-5.59043E-4
29.59655	-5.59559E-4
29.61271	-5.58537E-4
29.63181	-5.5925E-4
29.64702	-5.60898E-4
29.66314	-5.60177E-4
29.68028	-5.60115E-4
29.69632	-5.61408E-4
29.71351	-5.60484E-4
29.73158	-5.62552E-4
29.74724	-5.63497E-4
29.76463	-5.63716E-4
29.78227	-5.64713E-4
29.79748	-5.63646E-4
29.81281	-5.64452E-4
29.82988	-5.6547E-4
29.84802	-5.64826E-4
29.86399	-5.64216E-4
29.88194	-5.65872E-4
29.8952	-5.66233E-4
29.91236	-5.66395E-4
29.92921	-5.66074E-4
29.94489	-5.66092E-4
29.96372	-5.65697E-4
29.97879	-5.67582E-4
29.99696	-5.67764E-4
30.01203	-5.68308E-4
30.02888	-5.69422E-4
30.04683	-5.68778E-4
30.06366	-5.67917E-4
30.07792	-5.68882E-4
30.09496	-5.69711E-4
30.11076	-5.69751E-4
30.12902	-5.69743E-4
30.14515	-5.7037E-4
30.16288	-5.70606E-4
30.17961	-5.70988E-4
30.19679	-5.71558E-4
30.2117	-5.72738E-4
30.22963	-5.73015E-4
30.24423	-5.72433E-4
30.26223	-5.7218E-4
30.27855	-5.72449E-4
30.29302	-5.734E-4
30.30911	-5.7344E-4
30.32584	-5.73328E-4
30.343	-5.73075E-4
30.36042	-5.72728E-4
30.37799	-5.73465E-4
30.39378	-5.7337E-4
30.4089	-5.73308E-4
30.42546	-5.72991E-4
30.44212	-5.71672E-4
30.46101	-5.72726E-4
30.4769	-5.73204E-4
30.49336	-5.74251E-4
30.50954	-5.73141E-4
30.52728	-5.73079E-4
30.54534	-5.72969E-4
30.56263	-5.73216E-4
30.5765	-5.76088E-4
30.5921	-5.75415E-4
30.61203	-5.75831E-4
30.63024	-5.75444E-4
30.64274	-5.75295E-4
30.66213	-5.74209E-4
30.68036	-5.75556E-4
30.69506	-5.75144E-4
30.71074	-5.75869E-4
30.72811	-5.7658E-4
30.74651	-5.76646E-4
30.76365	-5.74665E-4
30.77842	-5.73328E-4
30.79622	-5.72603E-4
30.81193	-5.74396E-4
30.82838	-5.75737E-4
30.84572	-5.77023E-4
30.86262	-5.75132E-4
30.87822	-5.75273E-4
30.89336	-5.75086E-4
30.91028	-5.76367E-4
30.92739	-5.77298E-4
30.94437	-5.77061E-4
30.96241	-5.77677E-4
30.98011	-5.77563E-4
30.99644	-5.77975E-4
31.00886	-5.77174E-4
31.02691	-5.78075E-4
31.0432	-5.78693E-4
31.05932	-5.78406E-4
31.07311	-5.79361E-4
31.09226	-5.7899E-4
31.10726	-5.78912E-4
31.12497	-5.77615E-4
31.14088	-5.78109E-4
31.15832	-5.77912E-4
31.17592	-5.76228E-4
31.19205	-5.78003E-4
31.20788	-5.77451E-4
31.22485	-5.78773E-4
31.24114	-5.78968E-4
31.25901	-5.77858E-4
31.27588	-5.77698E-4
31.29372	-5.77585E-4
31.30927	-5.63786E-4
31.32507	-5.46266E-4
31.34306	-5.43235E-4
31.35815	-5.44899E-4
31.3759	-5.48596E-4
31.39097	-5.52891E-4
31.40947	-5.56075E-4
31.42575	-5.59071E-4
31.44069	-5.60751E-4
31.45695	-5.61865E-4
31.47486	-5.63567E-4
31.49361	-5.64735E-4
31.50836	-5.65585E-4
31.5267	-5.66582E-4
31.54297	-5.6772E-4
31.55966	-5.70291E-4
31.57554	-5.72005E-4
31.59329	-5.76355E-4
31.60612	-5.78139E-4
31.62535	-5.7893E-4
31.64264	-5.81224E-4
31.65815	-5.80349E-4
31.67499	-5.79883E-4
31.69157	-5.79992E-4
31.70896	-5.79791E-4
31.72685	-5.8113E-4
31.74336	-5.80877E-4
31.75917	-5.8017E-4
31.77626	-5.80618E-4
31.79166	-5.8121E-4
31.80943	-5.82593E-4
31.82375	-5.82033E-4
31.84139	-5.81768E-4
31.85855	-5.83035E-4
31.87436	-5.82473E-4
31.8909	-5.82645E-4
31.90824	-5.82748E-4
31.92524	-5.83512E-4
31.93819	-5.8459E-4
31.95513	-5.84201E-4
31.97291	-5.83861E-4
31.99091	-5.85156E-4
32.00734	-5.85865E-4
32.0246	-5.85674E-4
32.04279	-5.85628E-4
32.05764	-5.85128E-4
32.07504	-5.86264E-4
32.08981	-5.8518E-4
32.10701	-5.85682E-4
32.12395	-5.85138E-4
32.14173	-5.86977E-4
32.1578	-5.85686E-4
32.17669	-5.86754E-4
32.19507	-5.87414E-4
32.21004	-5.87627E-4
32.2273	-5.88474E-4
32.24324	-5.88295E-4
32.25905	-5.87394E-4
32.275	-5.85847E-4
32.2943	-5.86487E-4
32.30857	-5.8619E-4
32.32397	-5.87743E-4
32.33903	-5.88727E-4
32.35806	-5.88952E-4
32.37473	-5.88349E-4
32.39129	-5.89435E-4
32.40862	-5.90318E-4
32.42319	-5.89566E-4
32.43932	-5.91107E-4
32.45685	-5.91151E-4
32.47437	-5.91868E-4
32.489	-5.9179E-4
32.50632	-5.90256E-4
32.52344	-5.90981E-4
32.53735	-5.891E-4
32.55585	-5.9011E-4
32.57506	-5.90888E-4
32.59105	-5.90102E-4
32.60802	-5.91005E-4
32.62396	-5.89785E-4
32.64059	-5.8972E-4
32.65792	-5.8898E-4
32.67555	-5.89239E-4
32.68993	-5.89754E-4
32.70664	-5.90268E-4
32.72457	-5.91796E-4
32.7416	-5.91519E-4
32.75565	-5.92751E-4
32.77392	-5.93169E-4
32.79104	-5.91832E-4
32.80745	-5.9178E-4
32.82443	-5.92478E-4
32.84144	-5.91914E-4
32.85626	-5.93223E-4
32.87212	-5.93134E-4
32.89022	-5.92572E-4
32.90707	-5.92273E-4
32.92308	-5.90451E-4
32.94083	-5.9119E-4
32.95785	-5.92755E-4
32.97317	-5.92645E-4
32.98931	-5.92759E-4
33.00648	-5.92522E-4
33.0222	-5.92145E-4
33.03946	-5.92384E-4
33.0575	-5.91557E-4
33.07326	-5.91049E-4
33.09018	-5.9191E-4
33.10604	-5.92402E-4
33.12363	-5.91424E-4
33.13896	-5.92261E-4
33.15522	-5.92837E-4
33.17365	-5.93909E-4
33.1895	-5.93634E-4
33.20651	-5.94381E-4
33.22292	-5.94236E-4
33.23889	-5.93789E-4
33.25428	-5.95862E-4
33.26807	-5.93028E-4
33.28818	-5.91798E-4
33.30459	-5.92057E-4
33.32266	-5.91202E-4
33.33668	-5.92851E-4
33.35422	-5.92536E-4
33.37119	-5.9237E-4
33.39036	-5.92595E-4
33.40611	-5.93947E-4
33.42305	-5.93717E-4
33.43983	-5.93434E-4
33.45483	-5.9344E-4
33.47107	-5.9521E-4
33.48502	-5.94834E-4
33.5006	-5.93594E-4
33.51961	-5.94947E-4
33.53753	-5.92755E-4
33.55245	-5.92053E-4
33.56893	-5.93028E-4
33.58694	-5.93865E-4
33.60367	-5.9523E-4
33.61989	-5.94242E-4
33.63742	-5.93636E-4
33.6526	-5.95015E-4
33.66917	-5.94905E-4
33.68672	-5.94915E-4
33.70197	-5.95067E-4
33.71825	-5.96111E-4
33.73659	-5.96276E-4
33.75459	-5.9479E-4
33.77084	-5.95505E-4
33.78644	-5.96165E-4
33.80426	-5.96803E-4
33.82056	-5.96717E-4
33.83729	-5.96986E-4
33.85343	-5.96296E-4
33.87362	-5.95176E-4
33.88557	-5.94459E-4
33.90158	-5.93078E-4
33.92022	-5.95162E-4
33.93413	-5.94626E-4
33.95376	-5.9404E-4
33.96996	-5.93927E-4
33.98739	-5.95113E-4
34.00343	-5.9539E-4
34.01715	-5.95017E-4
34.03638	-5.95035E-4
34.05373	-5.94724E-4
34.0707	-5.94925E-4
34.08734	-5.9517E-4
34.10554	-5.94547E-4
34.12127	-5.9422E-4
34.13729	-5.94274E-4
34.15234	-5.94997E-4
34.16856	-5.94712E-4
34.18383	-5.95818E-4
34.20237	-5.95128E-4
34.21948	-5.94826E-4
34.23532	-5.94232E-4
34.25452	-5.94786E-4
34.27015	-5.93287E-4
34.28594	-5.93775E-4
34.30339	-5.94423E-4
34.31911	-5.94361E-4
34.33685	-5.94297E-4
34.35362	-5.94736E-4
34.37096	-5.96705E-4
34.38976	-5.96789E-4
34.40353	-5.98799E-4
34.41973	-5.97644E-4
34.43725	-5.96894E-4
34.45203	-5.9758E-4
34.46812	-5.97781E-4
34.48562	-5.96581E-4
34.50211	-5.97283E-4
34.51718	-5.98652E-4
34.53416	-5.98413E-4
34.55134	-5.99874E-4
34.56638	-6.00669E-4
34.58342	-6.01334E-4
34.60289	-6.01709E-4
34.61813	-6.00031E-4
34.6362	-5.99126E-4
34.6519	-5.98666E-4
34.67088	-5.99196E-4
34.68598	-5.99457E-4
34.70139	-6.00258E-4
34.71768	-6.00629E-4
34.73363	-6.01586E-4
34.74989	-6.00884E-4
34.7659	-6.00304E-4
34.7821	-6.01109E-4
34.79918	-6.00936E-4
34.81579	-6.01109E-4
34.83339	-6.00856E-4
34.8501	-6.01922E-4
34.86648	-6.03371E-4
34.8837	-6.04954E-4
34.89935	-6.03718E-4
34.91828	-6.03638E-4
34.93416	-6.02008E-4
34.9504	-6.02281E-4
34.9658	-6.02148E-4
34.9818	-6.02749E-4
34.99791	-6.02036E-4
35.01723	-6.01358E-4
35.03296	-6.00824E-4
35.05063	-6.00356E-4
35.06779	-6.00045E-4
35.08186	-5.99724E-4
35.09777	-6.01446E-4
35.11457	-6.01865E-4
35.13263	-6.00513E-4
35.15075	-6.01576E-4
35.16625	-6.00517E-4
35.18413	-6.00426E-4
35.20047	-5.9866E-4
35.21506	-5.99981E-4
35.23142	-5.99979E-4
35.24839	-6.00998E-4
35.26461	-5.99453E-4
35.27992	-5.98495E-4
35.30008	-5.96553E-4
35.31592	-5.98508E-4
35.33191	-5.98471E-4
35.34672	-5.998E-4
35.36461	-5.9979E-4
35.38306	-5.98991E-4
35.39799	-5.9978E-4
35.41556	-5.99324E-4
35.43261	-5.98748E-4
35.45125	-5.98249E-4
35.46862	-5.98261E-4
35.48417	-5.99166E-4
35.50077	-5.99423E-4
35.51816	-5.89255E-4
35.53457	-5.6889E-4
35.55103	-5.63467E-4
35.56658	-5.64569E-4
35.58403	-5.67391E-4
35.60184	-5.71879E-4
35.61731	-5.7401E-4
35.63404	-5.76674E-4
35.64924	-5.7837E-4
35.6639	-5.79396E-4
35.68073	-5.81975E-4
35.69958	-5.83464E-4
35.71418	-5.85283E-4
35.73197	-5.8782E-4
35.74835	-5.88056E-4
35.76545	-5.88233E-4
35.78033	-5.89534E-4
35.79915	-5.94032E-4
35.81532	-5.97217E-4
35.8339	-5.99216E-4
35.84911	-5.96856E-4
35.86462	-5.96785E-4
35.88071	-5.96852E-4
35.89697	-5.98837E-4
35.91435	-5.98823E-4
35.93145	-5.96217E-4
35.94898	-5.96703E-4
35.96463	-5.95675E-4
35.9801	-5.9812E-4
35.99597	-5.98447E-4
36.01528	-5.97289E-4
36.03235	-5.98126E-4
36.04797	-5.98566E-4
36.06333	-5.99276E-4
36.0801	-6.0037E-4
36.09772	-5.99461E-4
36.11541	-5.9765E-4
36.13071	-5.97867E-4
36.14681	-5.97084E-4
36.16362	-5.95635E-4
36.18142	-5.95872E-4
36.1969	-5.9595E-4
36.21386	-5.9479E-4
36.22931	-5.9591E-4
36.24649	-5.95597E-4
36.26448	-5.95025E-4
36.27961	-5.95611E-4
36.29786	-5.94973E-4
36.31554	-5.96101E-4
36.32848	-5.95932E-4
36.34845	-5.96378E-4
36.36505	-5.95872E-4
36.3814	-5.95579E-4
36.39972	-5.94276E-4
36.41458	-5.9478E-4
36.43141	-5.95734E-4
36.44828	-5.95384E-4
36.46497	-5.94897E-4
36.48004	-5.94881E-4
36.4963	-5.94403E-4
36.51382	-5.93594E-4
36.52973	-5.9302E-4
36.54637	-5.94371E-4
36.56265	-5.94182E-4
36.57995	-5.93973E-4
36.59653	-5.9306E-4
36.61337	-5.92572E-4
36.62833	-5.93199E-4
36.64507	-5.93315E-4
36.66363	-5.94146E-4
36.67935	-5.93983E-4
36.69528	-5.94383E-4
36.71192	-5.95013E-4
36.72898	-5.94784E-4
36.74493	-5.94935E-4
36.76335	-5.94082E-4
36.77907	-5.95587E-4
36.79433	-5.9689E-4
36.81289	-5.96396E-4
36.82891	-5.96083E-4
36.84719	-5.95485E-4
36.86351	-5.95999E-4
36.87923	-5.96657E-4
36.89401	-5.97636E-4
36.91225	-5.97428E-4
36.93043	-5.96976E-4
36.94461	-5.97638E-4
36.96242	-5.97644E-4
36.98216	-5.98008E-4
36.99813	-5.9876E-4
37.01345	-5.9802E-4
37.028	-5.96964E-4
37.04535	-5.96787E-4
37.06201	-5.96545E-4
37.07872	-5.97803E-4
37.0955	-5.98397E-4
37.11181	-5.98156E-4
37.12595	-5.97685E-4
37.14232	-5.97215E-4
37.16302	-5.97414E-4
37.18037	-5.976E-4
37.19596	-5.96864E-4
37.21004	-5.96195E-4
37.22829	-5.97779E-4
37.24526	-5.98363E-4
37.26135	-5.99134E-4
37.27557	-5.99535E-4
37.29324	-5.99232E-4
37.30962	-5.99796E-4
37.32547	-5.98307E-4
37.33967	-5.98016E-4
37.35761	-5.99168E-4
37.37604	-5.98241E-4
37.39244	-5.99756E-4
37.40768	-6.00121E-4
37.42145	-6.00838E-4
37.44155	-6.003E-4
37.45749	-6.02028E-4
37.4747	-6.00836E-4
37.49137	-5.99152E-4
37.50725	-6.00167E-4
37.52262	-6.0089E-4
37.54151	-6.00663E-4
37.55665	-6.00342E-4
37.57264	-6.02614E-4
37.58997	-6.02231E-4
37.6084	-6.01938E-4
37.62657	-6.01083E-4
37.64323	-5.99015E-4
37.65906	-6.00539E-4
37.67655	-6.01641E-4
37.69247	-6.02411E-4
37.71063	-6.0139E-4
37.72598	-6.02694E-4
37.74025	-6.03847E-4
37.75784	-6.03405E-4
37.77421	-6.03453E-4
37.78938	-6.03792E-4
37.80947	-6.02797E-4
37.8242	-6.03479E-4
37.8399	-6.03309E-4
37.8583	-6.03379E-4
37.8748	-6.03684E-4
37.89144	-6.02919E-4
37.90751	-6.03293E-4
37.9235	-6.04236E-4
37.9419	-6.03134E-4
37.95764	-6.01801E-4
37.97286	-6.01318E-4
37.9912	-5.9971E-4
38.00725	-6.00535E-4
38.02307	-6.00487E-4
38.04131	-5.99738E-4
38.05603	-5.99854E-4
38.07526	-6.0027E-4
38.09227	-6.00153E-4
38.10799	-5.99497E-4
38.12485	-5.99166E-4
38.1402	-5.99595E-4
38.15559	-5.99684E-4
38.17269	-5.98544E-4
38.19123	-5.9907E-4
38.20802	-5.98194E-4
38.22385	-5.98584E-4
38.24019	-5.97291E-4
38.25604	-5.98409E-4
38.27293	-5.99399E-4
38.29001	-5.9922E-4
38.30899	-5.99495E-4
38.32496	-5.99493E-4
38.34075	-5.99051E-4
38.35523	-5.99005E-4
38.37281	-5.9859E-4
38.39087	-5.99607E-4
38.40855	-5.99782E-4
38.4247	-5.98889E-4
38.44148	-5.98311E-4
38.45812	-5.9907E-4
38.47204	-5.99702E-4
38.49142	-5.9933E-4
38.5089	-5.99104E-4
38.52323	-5.98552E-4
38.54048	-5.99355E-4
38.55758	-5.98941E-4
38.57586	-5.99316E-4
38.59254	-5.99453E-4
38.60673	-5.98616E-4
38.6266	-5.98748E-4
38.64122	-5.99232E-4
38.65925	-5.98345E-4
38.67184	-5.98744E-4
38.6912	-5.99043E-4
38.70649	-5.982E-4
38.72234	-5.97763E-4
38.7399	-5.98841E-4
38.75677	-5.99021E-4
38.77262	-6.00362E-4
38.79133	-5.98204E-4
38.8067	-5.99431E-4
38.82412	-5.98305E-4
38.84105	-5.96141E-4
38.85603	-5.95956E-4
38.87347	-5.9684E-4
38.89023	-5.97624E-4
38.90697	-5.97335E-4
38.92314	-5.96988E-4
38.93794	-5.98229E-4
38.9554	-5.98756E-4
38.97216	-5.97151E-4
38.98715	-5.98758E-4
39.00233	-5.98148E-4
39.02098	-5.96994E-4
39.0383	-5.98849E-4
39.05521	-5.97755E-4
39.07078	-5.98907E-4
39.08719	-5.97233E-4
39.10227	-5.9527E-4
39.12032	-5.93883E-4
39.14026	-5.94798E-4
39.15691	-5.96292E-4
39.1724	-5.95212E-4
39.18767	-5.95119E-4
39.20403	-5.93283E-4
39.22249	-5.92653E-4
39.23785	-5.95459E-4
39.25431	-5.97115E-4
39.27207	-5.96735E-4
39.28775	-5.96241E-4
39.30857	-5.95898E-4
39.32547	-5.94256E-4
39.33978	-5.9417E-4
39.35511	-5.9747E-4
39.37083	-5.97299E-4
39.387	-5.96591E-4
39.40463	-5.98333E-4
39.42357	-5.98764E-4
39.43903	-5.98684E-4
39.45402	-5.98746E-4
39.47383	-5.97209E-4
39.49032	-5.97863E-4
39.5061	-5.98849E-4
39.52106	-5.99866E-4
39.53898	-5.99072E-4
39.55578	-5.99423E-4
39.56995	-5.99547E-4
39.58826	-5.98756E-4
39.60361	-5.97765E-4
39.62246	-5.8344E-4
39.64121	-5.68714E-4
39.65468	-5.64766E-4
39.67319	-5.66478E-4
39.68946	-5.69075E-4
39.70327	-5.72082E-4
39.72149	-5.74749E-4
39.7369	-5.7721E-4
39.75345	-5.79394E-4
39.77277	-5.8302E-4
39.78987	-5.8334E-4
39.80462	-5.83755E-4
39.82217	-5.84865E-4
39.83775	-5.86099E-4
39.85569	-5.8683E-4
39.86902	-5.89407E-4
39.8872	-5.91585E-4
39.9045	-5.93219E-4
39.92106	-5.9693E-4
39.93797	-5.99094E-4
39.95316	-6.00432E-4
39.96824	-5.99915E-4
39.98513	-6.01197E-4
40.00147	-5.99876E-4
40.01669	-5.98694E-4
40.03841	-5.97602E-4
40.05444	-5.96382E-4
40.06892	-5.95441E-4
40.08425	-5.96611E-4
40.10299	-5.96797E-4
40.11745	-5.98477E-4
40.13402	-5.96537E-4
40.15135	-5.95003E-4
40.1657	-5.95979E-4
40.1853	-5.96549E-4
40.20177	-5.96773E-4
40.21698	-5.97554E-4
40.23499	-5.97809E-4
40.25319	-5.95997E-4
40.26626	-5.95734E-4
40.28349	-5.94421E-4
40.29962	-5.93444E-4
40.31471	-5.948E-4
40.33303	-5.94568E-4
40.34901	-5.954E-4
40.36588	-5.9349E-4
40.38318	-5.95117E-4
40.40036	-5.9574E-4
40.41403	-5.97147E-4
40.43	-5.96053E-4
40.44733	-5.95479E-4
40.46483	-5.94317E-4
40.48209	-5.94353E-4
40.49822	-5.95603E-4
40.51521	-5.96537E-4
40.53196	-5.95621E-4
40.54686	-5.97E-4
40.56416	-5.9535E-4
40.583	-5.94473E-4
40.60034	-5.95724E-4
40.61713	-5.97743E-4
40.63335	-5.97915E-4
40.6485	-5.96777E-4
40.66519	-5.97129E-4
40.68142	-5.96627E-4
40.69987	-5.9741E-4
40.71951	-5.97157E-4
40.73335	-5.98028E-4
40.74756	-5.96912E-4
40.76431	-5.97105E-4
40.7796	-5.97801E-4
40.80059	-5.98114E-4
40.81658	-5.97504E-4
40.83323	-5.94788E-4
40.84774	-5.95862E-4
40.86614	-5.96091E-4
40.88181	-5.94646E-4
40.89685	-5.96123E-4
40.91231	-5.9572E-4
40.93215	-5.94485E-4
40.94835	-5.95312E-4
40.96537	-5.93652E-4
40.98097	-5.93375E-4
40.99776	-5.9405E-4
41.01336	-5.94435E-4
41.03256	-5.95413E-4
41.04744	-5.94325E-4
41.06387	-5.9459E-4
41.0801	-5.93104E-4
41.09837	-5.92683E-4
41.11643	-5.93391E-4
41.13158	-5.93777E-4
41.14866	-5.94156E-4
41.1663	-5.93737E-4
41.18139	-5.93122E-4
41.1969	-5.9416E-4
41.21373	-5.93291E-4
41.23099	-5.92316E-4
41.24707	-5.92261E-4
41.26394	-5.91555E-4
41.28214	-5.91741E-4
41.29635	-5.91139E-4
41.3145	-5.90656E-4
41.3289	-5.92031E-4
41.34517	-5.90646E-4
41.36381	-5.91743E-4
41.37966	-5.91511E-4
41.39669	-5.91956E-4
41.41353	-5.92924E-4
41.42848	-5.91491E-4
41.44644	-5.93755E-4
41.46186	-5.91456E-4
41.47795	-5.91055E-4
41.49741	-5.90607E-4
41.51093	-5.92358E-4
41.52611	-5.90302E-4
41.54465	-5.9126E-4
41.56088	-5.91683E-4
41.57882	-5.91601E-4
41.59608	-5.91703E-4
41.61272	-5.90228E-4
41.62944	-5.91519E-4
41.64523	-5.91854E-4
41.6611	-5.94329E-4
41.67882	-5.9196E-4
41.69465	-5.91089E-4
41.7108	-5.90975E-4
41.7275	-5.91252E-4
41.74437	-5.93305E-4
41.76155	-5.91274E-4
41.7776	-5.90457E-4
41.79503	-5.91715E-4
41.81259	-5.90007E-4
41.82838	-5.88237E-4
41.8441	-5.89835E-4
41.85963	-5.89772E-4
41.87722	-5.9143E-4
41.89383	-5.89817E-4
41.90989	-5.92978E-4
41.92755	-5.9189E-4
41.94566	-5.93096E-4
41.96078	-5.94046E-4
41.97885	-5.93114E-4
41.99561	-5.9243E-4
42.01225	-5.93429E-4
42.02834	-5.91848E-4
42.04535	-5.92149E-4
42.06168	-5.8843E-4
42.07805	-5.89662E-4
42.09389	-5.936E-4
42.11149	-5.9086E-4
42.12688	-5.91035E-4
42.14274	-5.92566E-4
42.15936	-5.92904E-4
42.17744	-5.89502E-4
42.19484	-5.88287E-4
42.2099	-5.88807E-4
42.22711	-5.91376E-4
42.24444	-5.9297E-4
42.26017	-5.93247E-4
42.27653	-5.91133E-4
42.29237	-5.89433E-4
42.3091	-5.91565E-4
42.32667	-5.92771E-4
42.34542	-5.88548E-4
42.36254	-5.88474E-4
42.37945	-5.9068E-4
42.39392	-5.92665E-4
42.40989	-5.95019E-4
42.42552	-5.95382E-4
42.44276	-5.92249E-4
42.46077	-5.90822E-4
42.4769	-5.90915E-4
42.49306	-5.89419E-4
42.51111	-5.91059E-4
42.52809	-5.92193E-4
42.54418	-5.89801E-4
42.55928	-5.90491E-4
42.57891	-5.92496E-4
42.59526	-5.90393E-4
42.61017	-5.91551E-4
42.62562	-5.88749E-4
42.63999	-5.91412E-4
42.65775	-5.90686E-4
42.67412	-5.91573E-4
42.69305	-5.92352E-4
42.7084	-5.91177E-4
42.72508	-5.89823E-4
42.74227	-5.89777E-4
42.75836	-5.90001E-4
42.77602	-5.89012E-4
42.79495	-5.91087E-4
42.8091	-5.90405E-4
42.82443	-5.89764E-4
42.84212	-5.88809E-4
42.85901	-5.88432E-4
42.87453	-5.87531E-4
42.89152	-5.88524E-4
42.90742	-5.87143E-4
42.92416	-5.85678E-4
42.94231	-5.87671E-4
42.9598	-5.88139E-4
42.9754	-5.87573E-4
42.99143	-5.86571E-4
43.00791	-5.8729E-4
43.02606	-5.85822E-4
43.04444	-5.86047E-4
43.05976	-5.8848E-4
43.07665	-5.89102E-4
43.09322	-5.89425E-4
43.10901	-5.88966E-4
43.12703	-5.89851E-4
43.14314	-5.90266E-4
43.15898	-5.88143E-4
43.17552	-5.90379E-4
43.19051	-5.91362E-4
43.208	-5.92568E-4
43.22416	-5.93191E-4
43.24155	-5.91986E-4
43.25639	-5.91344E-4
43.27468	-5.91659E-4
43.29042	-5.89831E-4
43.30707	-5.89385E-4
43.326	-5.90852E-4
43.34137	-5.91868E-4
43.35793	-5.92269E-4
43.37499	-5.91948E-4
43.39041	-5.90471E-4
43.40727	-5.93142E-4
43.4235	-5.92859E-4
43.44181	-5.92639E-4
43.45847	-5.91053E-4
43.47344	-5.90493E-4
43.49218	-5.89301E-4
43.50826	-5.88915E-4
43.52415	-5.89995E-4
43.54327	-5.90076E-4
43.55756	-5.89309E-4
43.57371	-5.88681E-4
43.59189	-5.87928E-4
43.6069	-5.86663E-4
43.62645	-5.87165E-4
43.64146	-5.86547E-4
43.65708	-5.78771E-4
43.67606	-5.57052E-4
43.69198	-5.4843E-4
43.70855	-5.47914E-4
43.72439	-5.50467E-4
43.74155	-5.52998E-4
43.75715	-5.56673E-4
43.77315	-5.59178E-4
43.79175	-5.62164E-4
43.80645	-5.63626E-4
43.82257	-5.64551E-4
43.83879	-5.64141E-4
43.8575	-5.64422E-4
43.87418	-5.66704E-4
43.88912	-5.68671E-4
43.90467	-5.70657E-4
43.92204	-5.72447E-4
43.93813	-5.72828E-4
43.95415	-5.76517E-4
43.97015	-5.78894E-4
43.98745	-5.80162E-4
44.0036	-5.8065E-4
44.02127	-5.79378E-4
44.03844	-5.80708E-4
44.05653	-5.80447E-4
44.0713	-5.79418E-4
44.08719	-5.8016E-4
44.10388	-5.8061E-4
44.12146	-5.81828E-4
44.1371	-5.82021E-4
44.15397	-5.81379E-4
44.17198	-5.79741E-4
44.18887	-5.80088E-4
44.20506	-5.81557E-4
44.22223	-5.82137E-4
44.23925	-5.8163E-4
44.2546	-5.8234E-4
44.27263	-5.81505E-4
44.28954	-5.81772E-4
44.30641	-5.82746E-4
44.32567	-5.82577E-4
44.33786	-5.80319E-4
44.35288	-5.80126E-4
44.37066	-5.80112E-4
44.38843	-5.79319E-4
44.40407	-5.7781E-4
44.42301	-5.78842E-4
44.43894	-5.79105E-4
44.45308	-5.79556E-4
44.47021	-5.7832E-4
44.48654	-5.78689E-4
44.50564	-5.78436E-4
44.5216	-5.78952E-4
44.53855	-5.78719E-4
44.55514	-5.79811E-4
44.57134	-5.78928E-4
44.58805	-5.79534E-4
44.60284	-5.77842E-4
44.6199	-5.77736E-4
44.63595	-5.78125E-4
44.65198	-5.77599E-4
44.66916	-5.78201E-4
44.68335	-5.79227E-4
44.70151	-5.80208E-4
44.71942	-5.80353E-4
44.73664	-5.7944E-4
44.75531	-5.78567E-4
44.77259	-5.79313E-4
44.78771	-5.77692E-4
44.80394	-5.77575E-4
44.81993	-5.76963E-4
44.83585	-5.76722E-4
44.85317	-5.77734E-4
44.8686	-5.77053E-4
44.8852	-5.77886E-4
44.90238	-5.77122E-4
44.92012	-5.7844E-4
44.93547	-5.78177E-4
44.95242	-5.77091E-4
44.97122	-5.76385E-4
44.98548	-5.75293E-4
44.99922	-5.75646E-4
45.01817	-5.75179E-4
45.0372	-5.75118E-4
45.05163	-5.74863E-4
45.06893	-5.75134E-4
45.08525	-5.75506E-4
45.10186	-5.74532E-4
45.12064	-5.74699E-4
45.13705	-5.74508E-4
45.15203	-5.72353E-4
45.16884	-5.7159E-4
45.18361	-5.72035E-4
45.19706	-5.71058E-4
45.21306	-5.71558E-4
45.2307	-5.71843E-4
45.2482	-5.71889E-4
45.26611	-5.71923E-4
45.28288	-5.70835E-4
45.30075	-5.71148E-4
45.31609	-5.7262E-4
45.33411	-5.74316E-4
45.34955	-5.75387E-4
45.36525	-5.74486E-4
45.38008	-5.75144E-4
45.39587	-5.75221E-4
45.41123	-5.74301E-4
45.42908	-5.75554E-4
45.44773	-5.77655E-4
45.46238	-5.76839E-4
45.48039	-5.76293E-4
45.4969	-5.76638E-4
45.51294	-5.77501E-4
45.52922	-5.7716E-4
45.54675	-5.78661E-4
45.56186	-5.772E-4
45.57961	-5.75136E-4
45.59608	-5.75564E-4
45.6127	-5.7446E-4
45.62986	-5.74924E-4
45.64439	-5.74609E-4
45.66032	-5.72884E-4
45.67821	-5.72567E-4
45.69606	-5.71785E-4
45.71347	-5.71955E-4
45.72953	-5.69689E-4
45.74554	-5.69761E-4
45.76163	-5.69687E-4
45.77921	-5.69976E-4
45.79803	-5.69723E-4
45.81385	-5.69456E-4
45.82804	-5.69795E-4
45.84523	-5.68435E-4
45.86116	-5.68874E-4
45.8783	-5.68302E-4
45.89476	-5.70151E-4
45.91012	-5.68372E-4
45.92852	-5.68768E-4
45.94389	-5.69693E-4
45.95895	-5.6993E-4
45.97606	-5.69569E-4
45.99292	-5.69884E-4
46.00952	-5.68647E-4
46.02838	-5.68673E-4
46.04279	-5.68523E-4
46.06087	-5.69207E-4
46.07772	-5.71146E-4
46.09226	-5.71361E-4
46.11051	-5.71341E-4
46.12662	-5.72302E-4
46.14197	-5.70783E-4
46.15839	-5.70827E-4
46.17821	-5.7221E-4
46.1945	-5.71861E-4
46.21217	-5.72208E-4
46.22838	-5.69852E-4
46.2438	-5.694E-4
46.26249	-5.66634E-4
46.27669	-5.67451E-4
46.29166	-5.66783E-4
46.3121	-5.67082E-4
46.32755	-5.67026E-4
46.34533	-5.68254E-4
46.36255	-5.6776E-4
46.37847	-5.65649E-4
46.39555	-5.6493E-4
46.41112	-5.654E-4
46.42776	-5.64818E-4
46.44229	-5.64659E-4
46.46107	-5.64842E-4
46.47791	-5.6604E-4
46.49426	-5.65803E-4
46.51046	-5.65195E-4
46.52792	-5.63282E-4
46.54602	-5.64768E-4
46.56023	-5.66442E-4
46.57604	-5.66289E-4
46.59439	-5.6705E-4
46.61042	-5.67299E-4
46.62517	-5.66992E-4
46.64657	-5.67969E-4
46.66244	-5.67596E-4
46.67776	-5.66333E-4
46.69382	-5.65866E-4
46.71022	-5.67405E-4
46.72664	-5.66291E-4
46.74448	-5.65894E-4
46.7613	-5.66879E-4
46.77674	-5.66325E-4
46.79322	-5.64798E-4
46.81024	-5.63399E-4
46.82847	-5.64009E-4
46.84412	-5.64266E-4
46.86013	-5.65175E-4
46.87663	-5.66257E-4
46.89311	-5.66606E-4
46.91008	-5.66622E-4
46.92729	-5.66682E-4
46.94301	-5.66913E-4
46.95946	-5.67441E-4
46.97693	-5.67887E-4
46.99304	-5.67156E-4
47.00951	-5.66122E-4
47.02735	-5.65938E-4
47.04367	-5.63969E-4
47.05793	-5.64581E-4
47.07614	-5.64113E-4
47.09046	-5.64408E-4
47.10927	-5.6478E-4
47.12599	-5.64914E-4
47.14266	-5.63357E-4
47.15845	-5.62379E-4
47.17678	-5.63021E-4
47.19303	-5.6251E-4
47.21135	-5.6314E-4
47.2276	-5.62204E-4
47.24308	-5.62873E-4
47.2586	-5.62881E-4
47.2785	-5.63146E-4
47.2902	-5.64178E-4
47.30783	-5.64184E-4
47.32409	-5.62718E-4
47.33941	-5.61343E-4
47.35848	-5.62219E-4
47.37595	-5.62947E-4
47.39052	-5.62546E-4
47.40912	-5.63011E-4
47.42503	-5.62596E-4
47.44322	-5.63696E-4
47.459	-5.64521E-4
47.47643	-5.64924E-4
47.4938	-5.65295E-4
47.509	-5.64503E-4
47.52371	-5.63613E-4
47.54187	-5.63752E-4
47.55956	-5.63533E-4
47.57697	-5.65147E-4
47.59206	-5.64356E-4
47.60947	-5.64721E-4
47.62565	-5.65287E-4
47.64371	-5.60743E-4
47.65922	-5.40883E-4
47.67556	-5.32013E-4
47.69132	-5.32154E-4
47.70954	-5.35718E-4
47.72527	-5.37854E-4
47.74316	-5.40447E-4
47.75974	-5.41455E-4
47.77542	-5.43655E-4
47.7931	-5.44704E-4
47.80862	-5.45878E-4
47.8269	-5.48269E-4
47.84385	-5.50884E-4
47.85915	-5.51605E-4
47.87412	-5.53871E-4
47.8926	-5.54991E-4
47.90849	-5.55964E-4
47.92352	-5.57795E-4
47.9424	-5.59126E-4
47.95983	-5.61984E-4
47.97491	-5.64151E-4
47.9918	-5.64358E-4
48.00831	-5.65645E-4
48.02585	-5.64681E-4
48.04093	-5.65671E-4
48.05732	-5.66287E-4
48.07252	-5.65809E-4
48.08906	-5.66227E-4
48.10633	-5.65683E-4
48.12247	-5.66301E-4
48.14	-5.6492E-4
48.15706	-5.64615E-4
48.17225	-5.64306E-4
48.18947	-5.65767E-4
48.20794	-5.68156E-4
48.2237	-5.68232E-4
48.24001	-5.67367E-4
48.25775	-5.67106E-4
48.27268	-5.66064E-4
48.28966	-5.65839E-4
48.30625	-5.65253E-4
48.32105	-5.65829E-4
48.33945	-5.66291E-4
48.3567	-5.65845E-4
48.37261	-5.6614E-4
48.38828	-5.65705E-4
48.40793	-5.65035E-4
48.42394	-5.66247E-4
48.44015	-5.65825E-4
48.45684	-5.67443E-4
48.47281	-5.67108E-4
48.48759	-5.65759E-4
48.50409	-5.65322E-4
48.52229	-5.64587E-4
48.53879	-5.64461E-4
48.55474	-5.63559E-4
48.57237	-5.64089E-4
48.58916	-5.64754E-4
48.60457	-5.63421E-4
48.62285	-5.61024E-4
48.63848	-5.61301E-4
48.65425	-5.60641E-4
48.67087	-5.62397E-4
48.68755	-5.61693E-4
48.70424	-5.60633E-4
48.721	-5.60472E-4
48.73738	-5.60567E-4
48.75475	-5.61936E-4
48.77215	-5.62863E-4
48.78906	-5.627E-4
48.80466	-5.62367E-4
48.82169	-5.61789E-4
48.83886	-5.62762E-4
48.85377	-5.62237E-4
48.87176	-5.61879E-4
48.88724	-5.62251E-4
48.90347	-5.62365E-4
48.92093	-5.61717E-4
48.93615	-5.60205E-4
48.95542	-5.6033E-4
48.97144	-5.60372E-4
48.98573	-5.61209E-4
49.00221	-5.61064E-4
49.0205	-5.61486E-4
49.03611	-5.59742E-4
49.05423	-5.58754E-4
49.07021	-5.59298E-4
49.08523	-5.59214E-4
49.10146	-5.58788E-4
49.11641	-5.59156E-4
49.1326	-5.58329E-4
49.1501	-5.5919E-4
49.16682	-5.58784E-4
49.18627	-5.59059E-4
49.20139	-5.60187E-4
49.21833	-5.60504E-4
49.23641	-5.60103E-4
49.25339	-5.60045E-4
49.26825	-5.60029E-4
49.28442	-5.58612E-4
49.29918	-5.58022E-4
49.31537	-5.5862E-4
49.33509	-5.5856E-4
49.34913	-5.59525E-4
49.36552	-5.5808E-4
49.38563	-5.56677E-4
49.40054	-5.57018E-4
49.41705	-5.57959E-4
49.43328	-5.57554E-4
49.45113	-5.57199E-4
49.46604	-5.5539E-4
49.48446	-5.55248E-4
49.5015	-5.55878E-4
49.51661	-5.56125E-4
49.53525	-5.56799E-4
49.55253	-5.56149E-4
49.56881	-5.54754E-4
49.58389	-5.54543E-4
49.59948	-5.55465E-4
49.6154	-5.55027E-4
49.63189	-5.52911E-4
49.64999	-5.52458E-4
49.66488	-5.53211E-4
49.68145	-5.51846E-4
49.69925	-5.51737E-4
49.7169	-5.52093E-4
49.7313	-5.52482E-4
49.74891	-5.54569E-4
49.76426	-5.54684E-4
49.78177	-5.53166E-4
49.79838	-5.5258E-4
49.81408	-5.52454E-4
49.8304	-5.52157E-4
49.8477	-5.52879E-4
49.86496	-5.53363E-4
49.88037	-5.5376E-4
49.89736	-5.52345E-4
49.9153	-5.51667E-4
49.93177	-5.50585E-4
49.94896	-5.49897E-4
49.96473	-5.50368E-4
49.98303	-5.50736E-4
49.99834	-5.49405E-4
50.01408	-5.50017E-4
50.03009	-5.49088E-4
50.04628	-5.496E-4
50.06597	-5.50354E-4
50.08278	-5.49963E-4
50.10025	-5.48905E-4
50.11722	-5.49915E-4
50.13531	-5.49945E-4
50.15086	-5.49084E-4
50.16604	-5.48155E-4
50.18361	-5.47721E-4
50.20166	-5.48249E-4
50.21673	-5.47707E-4
50.23257	-5.46238E-4
50.24944	-5.46204E-4
50.26621	-5.45228E-4
50.28351	-5.45905E-4
50.3012	-5.46115E-4
50.31707	-5.44608E-4
50.33406	-5.45106E-4
50.34964	-5.45383E-4
50.36634	-5.45808E-4
50.38273	-5.46039E-4
50.40048	-5.48283E-4
50.4171	-5.48428E-4
50.43124	-5.47322E-4
50.44603	-5.46583E-4
50.46314	-5.46196E-4
50.47971	-5.47103E-4
50.49804	-5.46667E-4
50.51491	-5.46292E-4
50.53078	-5.45054E-4
50.54819	-5.46569E-4
50.56383	-5.47805E-4
50.58289	-5.47657E-4
50.5984	-5.48612E-4
50.61415	-5.47E-4
50.63021	-5.45826E-4
50.64516	-5.46529E-4
50.66366	-5.46141E-4
50.67998	-5.47591E-4
50.69571	-5.46481E-4
50.71063	-5.45435E-4
50.72982	-5.45716E-4
50.74681	-5.4507E-4
50.76266	-5.45967E-4
50.78018	-5.45272E-4
50.79573	-5.46858E-4
50.81176	-5.47021E-4
50.83001	-5.4754E-4
50.84969	-5.47161E-4
50.86438	-5.45278E-4
50.88113	-5.46491E-4
50.89698	-5.47799E-4
50.91297	-5.47968E-4
50.92897	-5.47107E-4
50.94656	-5.45712E-4
50.96114	-5.45465E-4
50.97879	-5.45905E-4
50.99529	-5.4642E-4
51.01197	-5.46055E-4
51.02889	-5.45718E-4
51.0443	-5.44207E-4
51.06224	-5.43103E-4
51.07742	-5.44488E-4
51.09472	-5.4511E-4
51.1137	-5.45513E-4
51.12905	-5.44897E-4
51.14352	-5.46214E-4
51.16274	-5.46567E-4
51.18037	-5.45561E-4
51.19491	-5.4633E-4
51.21119	-5.45033E-4
51.22836	-5.43418E-4
51.24568	-5.41738E-4
51.26281	-5.4408E-4
51.27962	-5.46141E-4
51.29707	-5.4692E-4
51.31038	-5.45969E-4
51.32777	-5.43743E-4
51.34849	-5.43546E-4
51.36189	-5.46386E-4
51.37702	-5.46097E-4
51.39407	-5.44502E-4
51.41395	-5.4699E-4
51.43143	-5.47161E-4
51.44588	-5.46272E-4
51.46125	-5.4449E-4
51.478	-5.44546E-4
51.49567	-5.44937E-4
51.51158	-5.46242E-4
51.52836	-5.44917E-4
51.54536	-5.44875E-4
51.5629	-5.43831E-4
51.57809	-5.43211E-4
51.596	-5.2836E-4
51.61245	-5.12235E-4
51.6297	-5.07339E-4
51.64735	-5.07185E-4
51.66091	-5.11055E-4
51.6798	-5.15334E-4
51.69631	-5.17168E-4
51.71228	-5.19147E-4
51.72852	-5.21418E-4
51.74494	-5.22086E-4
51.76234	-5.22941E-4
51.77865	-5.26152E-4
51.79491	-5.25301E-4
51.81334	-5.26044E-4
51.83136	-5.28996E-4
51.84647	-5.29306E-4
51.86554	-5.28485E-4
51.87876	-5.29574E-4
51.89514	-5.33721E-4
51.91233	-5.36481E-4
51.92654	-5.36134E-4
51.94511	-5.36483E-4
51.96215	-5.38035E-4
51.97728	-5.36447E-4
51.99537	-5.36019E-4
52.01331	-5.37003E-4
52.02725	-5.38147E-4
52.04485	-5.38257E-4
52.06224	-5.38209E-4
52.07868	-5.36778E-4
52.09592	-5.36316E-4
52.11161	-5.36302E-4
52.12628	-5.35722E-4
52.14384	-5.37479E-4
52.16021	-5.38653E-4
52.17712	-5.37713E-4
52.19483	-5.37428E-4
52.21169	-5.37029E-4
52.22688	-5.37284E-4
52.24291	-5.38037E-4
52.25976	-5.37639E-4
52.27609	-5.37904E-4
52.29235	-5.38755E-4
52.30922	-5.38659E-4
52.32518	-5.38047E-4
52.3423	-5.38601E-4
52.35983	-5.39381E-4
52.37759	-5.40686E-4
52.39201	-5.40913E-4
52.40666	-5.4114E-4
52.42597	-5.42593E-4
52.44146	-5.4362E-4
52.45801	-5.44413E-4
52.47656	-5.4475E-4
52.49241	-5.43325E-4
52.5088	-5.42689E-4
52.52677	-5.42848E-4
52.54055	-5.43099E-4
52.55784	-5.42858E-4
52.57318	-5.4187E-4
52.59229	-5.41166E-4
52.6085	-5.41597E-4
52.62581	-5.4179E-4
52.64168	-5.41196E-4
52.65613	-5.39781E-4
52.67376	-5.4009E-4
52.69013	-5.40228E-4
52.7083	-5.40885E-4
52.72394	-5.39147E-4
52.7396	-5.3966E-4
52.75627	-5.39353E-4
52.77204	-5.40953E-4
52.79178	-5.41429E-4
52.80747	-5.41846E-4
52.82249	-5.41089E-4
52.84091	-5.40499E-4
52.85811	-5.39385E-4
52.87436	-5.39656E-4
52.89069	-5.39969E-4
52.90505	-5.40323E-4
52.92217	-5.39287E-4
52.93992	-5.38065E-4
52.9556	-5.37549E-4
52.97077	-5.36794E-4
52.98768	-5.3726E-4
53.00319	-5.36832E-4
53.01975	-5.37563E-4
53.03564	-5.35592E-4
53.054	-5.35331E-4
53.07105	-5.35773E-4
53.08766	-5.33482E-4
53.10542	-5.32928E-4
53.12025	-5.32603E-4
53.13768	-5.30935E-4
53.15405	-5.32551E-4
53.1706	-5.31566E-4
53.18775	-5.31726E-4
53.20588	-5.31638E-4
53.22117	-5.33324E-4
53.23767	-5.33816E-4
53.2537	-5.34279E-4
53.26977	-5.33517E-4
53.28865	-5.32605E-4
53.30628	-5.33221E-4
53.32279	-5.31636E-4
53.33793	-5.31576E-4
53.35409	-5.31666E-4
53.3715	-5.31116E-4
53.38536	-5.32114E-4
53.40266	-5.29864E-4
53.41968	-5.29358E-4
53.4386	-5.28298E-4
53.45468	-5.29324E-4
53.47025	-5.28862E-4
53.48429	-5.28727E-4
53.50276	-5.29059E-4
53.51896	-5.29964E-4
53.53881	-5.29008E-4
53.55395	-5.28517E-4
53.56946	-5.28322E-4
53.5868	-5.28589E-4
53.60172	-5.26538E-4
53.62147	-5.2772E-4
53.63875	-5.2773E-4
53.65399	-5.28107E-4
53.66941	-5.29004E-4
53.68807	-5.29701E-4
53.7053	-5.2878E-4
53.71814	-5.28689E-4
53.73695	-5.28567E-4
53.75377	-5.2834E-4
53.76993	-5.29392E-4
53.78608	-5.28501E-4
53.80158	-5.26789E-4
53.81926	-5.2558E-4
53.83406	-5.2611E-4
53.85195	-5.26999E-4
53.86815	-5.27597E-4
53.88524	-5.28752E-4
53.89866	-5.27752E-4
53.9172	-5.2765E-4
53.934	-5.2709E-4
53.9514	-5.27905E-4
53.9689	-5.27248E-4
53.98492	-5.2818E-4
54.00129	-5.28894E-4
54.01799	-5.28736E-4
54.0325	-5.2838E-4
54.04952	-5.27692E-4
54.06795	-5.2711E-4
54.08309	-5.27048E-4
54.10037	-5.27124E-4
54.11952	-5.27565E-4
54.1346	-5.27337E-4
54.14831	-5.28565E-4
54.16742	-5.29849E-4
54.18574	-5.29135E-4
54.2031	-5.27405E-4
54.21799	-5.28547E-4
54.23257	-5.28009E-4
54.25029	-5.26781E-4
54.26738	-5.26767E-4
54.28557	-5.25755E-4
54.30259	-5.26999E-4
54.31789	-5.26728E-4
54.33237	-5.27357E-4
54.35125	-5.25785E-4
54.36618	-5.26409E-4
54.38291	-5.25707E-4
54.39824	-5.25647E-4
54.41327	-5.27088E-4
54.43096	-5.26337E-4
54.44821	-5.25671E-4
54.46454	-5.25928E-4
54.48252	-5.25115E-4
54.49842	-5.254E-4
54.51534	-5.26528E-4
54.53206	-5.25697E-4
54.55027	-5.22923E-4
54.56656	-5.2156E-4
54.5817	-5.23176E-4
54.60156	-5.2372E-4
54.61609	-5.23479E-4
54.6324	-5.2383E-4
54.64894	-5.23766E-4
54.66763	-5.23021E-4
54.68093	-5.23338E-4
54.69997	-5.23318E-4
54.71621	-5.22911E-4
54.73268	-5.23035E-4
54.74876	-5.23858E-4
54.76661	-5.25406E-4
54.78226	-5.26805E-4
54.79873	-5.26196E-4
54.81254	-5.26851E-4
54.82914	-5.27122E-4
54.84858	-5.24699E-4
54.86371	-5.23374E-4
54.88105	-5.23457E-4
54.89497	-5.25052E-4
54.91321	-5.25922E-4
54.93186	-5.25203E-4
54.94594	-5.23967E-4
54.9619	-5.2393E-4
54.98043	-5.24412E-4
54.99623	-5.24641E-4
55.01323	-5.24515E-4
55.03076	-5.24619E-4
55.04803	-5.25598E-4
55.06331	-5.25422E-4
55.08149	-5.24942E-4
55.0971	-5.23714E-4
55.11436	-5.25034E-4
55.13036	-5.24121E-4
55.14835	-5.23274E-4
55.16527	-5.24035E-4
55.17997	-5.23521E-4
55.19706	-5.23106E-4
55.21487	-5.21102E-4
55.23005	-5.21767E-4
55.24462	-5.23198E-4
55.26292	-5.22208E-4
55.28095	-5.22048E-4
55.29668	-5.22654E-4
55.31393	-5.23284E-4
55.3298	-5.22837E-4
55.34676	-5.22734E-4
55.36133	-5.22331E-4
55.37804	-5.21757E-4
55.39603	-5.2087E-4
55.41398	-5.20312E-4
55.43047	-5.20849E-4
55.44704	-5.20322E-4
55.46214	-5.07159E-4
55.47862	-4.88121E-4
55.49582	-4.83174E-4
55.51151	-4.8495E-4
55.52894	-4.89671E-4
55.5451	-4.93263E-4
55.56069	-4.96045E-4
55.57766	-4.97238E-4
55.5945	-4.99785E-4
55.61178	-5.02404E-4
55.62835	-5.03397E-4
55.64678	-5.03785E-4
55.66281	-5.04507E-4
55.68021	-5.04941E-4
55.6952	-5.0633E-4
55.7103	-5.06824E-4
55.72851	-5.08042E-4
55.74533	-5.09521E-4
55.76285	-5.11847E-4
55.77811	-5.16709E-4
55.79286	-5.18411E-4
55.80929	-5.18188E-4
55.82799	-5.17887E-4
55.8434	-5.17383E-4
55.86167	-5.1663E-4
55.87825	-5.15775E-4
55.89384	-5.16604E-4
55.91256	-5.18232E-4
55.92877	-5.18214E-4
55.9456	-5.17345E-4
55.96373	-5.17176E-4
55.97762	-5.17771E-4
55.99554	-5.18527E-4
56.01193	-5.18587E-4
56.02841	-5.19127E-4
56.04737	-5.18335E-4
56.06224	-5.19798E-4
56.07813	-5.19479E-4
56.0954	-5.21209E-4
56.11223	-5.21387E-4
56.12951	-5.2277E-4
56.14592	-5.22315E-4
56.16209	-5.22622E-4
56.17677	-5.23134E-4
56.1928	-5.23089E-4
56.21055	-5.25058E-4
56.22633	-5.23403E-4
56.2421	-5.24533E-4
56.25939	-5.23543E-4
56.27468	-5.22417E-4
56.29361	-5.21273E-4
56.30793	-5.20324E-4
56.32509	-5.19543E-4
56.34178	-5.20051E-4
56.35881	-5.20613E-4
56.37446	-5.1941E-4
56.39548	-5.18674E-4
56.40738	-5.18756E-4
56.42375	-5.18242E-4
56.44028	-5.17176E-4
56.45887	-5.17042E-4
56.4758	-5.15157E-4
56.49301	-5.15579E-4
56.50899	-5.15789E-4
56.52657	-5.14993E-4
56.54227	-5.14898E-4
56.55963	-5.15539E-4
56.57626	-5.15308E-4
56.59258	-5.15161E-4
56.60944	-5.14762E-4
56.62709	-5.1435E-4
56.64261	-5.13849E-4
56.65962	-5.13672E-4
56.67654	-5.13668E-4
56.69387	-5.15252E-4
56.70818	-5.13638E-4
56.72291	-5.13479E-4
56.74266	-5.13921E-4
56.75825	-5.14505E-4
56.77261	-5.14505E-4
56.78917	-5.14385E-4
56.80839	-5.12881E-4
56.82567	-5.13032E-4
56.84122	-5.11982E-4
56.85786	-5.13269E-4
56.87416	-5.13303E-4
56.89108	-5.13042E-4
56.90933	-5.11107E-4
56.92337	-5.11568E-4
56.93819	-5.11454E-4
56.95752	-5.10786E-4
56.97615	-5.12126E-4
56.99215	-5.12616E-4
57.00627	-5.1203E-4
57.02445	-5.12143E-4
57.0387	-5.12933E-4
57.05683	-5.1438E-4
57.07507	-5.13399E-4
57.09041	-5.11924E-4
57.10916	-5.11583E-4
57.1235	-5.11213E-4
57.1402	-5.10244E-4
57.15471	-5.10103E-4
57.17215	-5.10282E-4
57.18736	-5.09965E-4
57.20615	-5.11103E-4
57.22573	-5.11004E-4
57.24131	-5.12686E-4
57.25797	-5.11839E-4
57.27538	-5.11739E-4
57.29069	-5.11791E-4
57.30957	-5.11595E-4
57.32345	-5.11464E-4
57.34151	-5.12578E-4
57.35554	-5.13397E-4
57.37155	-5.13192E-4
57.38716	-5.1413E-4
57.40212	-5.13429E-4
57.42044	-5.14985E-4
57.43726	-5.14481E-4
57.45364	-5.13166E-4
57.47117	-5.11424E-4
57.48921	-5.10561E-4
57.50496	-5.11667E-4
57.52046	-5.1211E-4
57.53921	-5.11781E-4
57.55418	-5.12743E-4
57.57016	-5.13076E-4
57.59025	-5.13521E-4
57.60458	-5.13315E-4
57.62064	-5.12733E-4
57.63601	-5.11988E-4
57.65397	-5.10685E-4
57.67032	-5.11609E-4
57.68512	-5.10432E-4
57.70641	-5.09066E-4
57.7223	-5.10354E-4
57.73894	-5.10198E-4
57.75618	-5.08983E-4
57.77195	-5.08283E-4
57.78767	-5.08052E-4
57.80638	-5.08843E-4
57.82071	-5.09895E-4
57.83864	-5.10501E-4
57.85415	-5.0986E-4
57.86971	-5.10882E-4
57.88777	-5.1082E-4
57.90238	-5.08722E-4
57.9192	-5.09078E-4
57.93487	-5.06884E-4
57.95436	-5.06432E-4
57.9706	-5.06392E-4
57.98729	-5.05645E-4
58.00296	-5.0756E-4
58.02061	-5.06761E-4
58.03764	-5.06896E-4
58.05186	-5.05659E-4
58.06791	-5.0574E-4
58.08632	-5.07454E-4
58.10094	-5.07877E-4
58.1189	-5.07905E-4
58.1361	-5.06492E-4
58.1529	-5.06067E-4
58.16947	-5.0647E-4
58.185	-5.05732E-4
58.2019	-5.06595E-4
58.21839	-5.06382E-4
58.2347	-5.06326E-4
58.25065	-5.07398E-4
58.26764	-5.06504E-4
58.28629	-5.05577E-4
58.30219	-5.05738E-4
58.31626	-5.04128E-4
58.33451	-5.02679E-4
58.35117	-5.02167E-4
58.36749	-5.03791E-4
58.38315	-5.0471E-4
58.40101	-5.0407E-4
58.41832	-5.02237E-4
58.43359	-5.02827E-4
58.44929	-5.04096E-4
58.46468	-5.03124E-4
58.48453	-5.0287E-4
58.49683	-5.02886E-4
58.5172	-5.03389E-4
58.5343	-5.03082E-4
58.54996	-5.04636E-4
58.56996	-5.04411E-4
58.58408	-5.03564E-4
58.60036	-5.04052E-4
58.61573	-5.04644E-4
58.63387	-5.03219E-4
58.65225	-5.01902E-4
58.66751	-5.001E-4
58.68418	-5.00339E-4
58.69923	-5.00919E-4
58.71535	-4.99853E-4
58.73162	-4.98721E-4
58.74682	-4.99321E-4
58.76274	-5.00716E-4
58.7806	-5.00487E-4
58.79919	-5.01151E-4
58.81576	-5.01071E-4
58.83279	-5.00844E-4
58.84589	-5.0117E-4
58.86549	-5.01547E-4
58.88429	-5.02281E-4
58.89941	-5.01372E-4
58.91824	-4.99528E-4
58.93439	-5.01455E-4
58.94974	-5.014E-4
58.96729	-5.00194E-4
58.98557	-4.99999E-4
59.00338	-5.00465E-4
59.02118	-4.99883E-4
59.03779	-4.99618E-4
59.05076	-5.0065E-4
59.07039	-5.00292E-4
59.08487	-5.00947E-4
59.10037	-5.008E-4
59.11839	-5.01589E-4
59.13512	-5.01224E-4
59.15135	-5.00383E-4
59.16612	-5.01147E-4
59.18245	-5.00782E-4
59.20258	-5.01697E-4
59.21762	-5.00738E-4
59.23506	-5.0082E-4
59.25195	-5.01414E-4
59.26889	-5.0121E-4
59.28528	-4.84548E-4
59.30245	-4.68114E-4
59.31771	-4.65667E-4
59.33264	-4.68694E-4
59.35314	-4.72746E-4
59.3669	-4.77927E-4
59.38266	-4.79739E-4
59.39896	-4.82445E-4
59.41403	-4.84791E-4
59.43248	-4.86409E-4
59.44804	-4.88352E-4
59.46493	-4.89759E-4
59.48043	-4.91758E-4
59.50024	-4.92683E-4
59.51576	-4.93556E-4
59.53208	-4.93452E-4
59.54775	-4.93292E-4
59.56218	-4.94592E-4
59.57919	-4.95957E-4
59.59705	-4.98661E-4
59.61533	-4.9904E-4
59.63164	-5.00379E-4
59.64772	-5.00501E-4
59.66521	-5.00084E-4
59.68166	-5.00381E-4
59.6987	-5.00228E-4
59.7152	-4.9963E-4
59.7311	-4.99251E-4
59.74773	-4.97806E-4
59.76498	-4.98635E-4
59.78074	-4.99006E-4
59.79684	-4.97545E-4
59.81107	-4.96302E-4
59.82675	-4.95927E-4
59.84464	-4.95196E-4
59.85983	-4.94658E-4
59.87736	-4.95542E-4
59.89439	-4.96844E-4
59.91073	-4.96738E-4
59.92819	-4.95869E-4
59.94716	-4.96627E-4
59.96467	-4.95654E-4
59.98123	-4.96162E-4
59.99841	-4.95806E-4
