;Experimental;Experimental;Experimental;Theoretical;Theoretical;Theoretical
;X_DPPC;T_solid [C];T_fluid [C];T [C];X_DPPC_lower;X_DPPC_upper
0;0.0;23.49391;24.24303;20.0;-0.21893999105121809;-0.07925740568061554
1;0.3;25.89586;30.36968;20.025025025025002;-0.2175015368245532;-0.0788371191750827
2;0.5;29.12499;34.11373;20.05005005005006;-0.2160635961277517;-0.0784158007166611
3;0.7;32.85901;37.70648;20.075075075075063;-0.2146261674027535;-0.07799344835161691
4;0.8;34.8463;39.01278;20.10010010010012;-0.2131892490917221;-0.07757006012235511
5;1.0;40.62677;41.42125;20.125125125125123;-0.211752839637051;-0.07714563406741354
6;;;;20.150150150150125;-0.21031693748134192;-0.0767201682214488
7;;;;20.175175175175184;-0.2088815410674184;-0.07629366061523252
8;;;;20.200200200200186;-0.20744664883831918;-0.0758661092756417
9;;;;20.225225225225245;-0.20601225923728173;-0.07543751222564599
10;;;;20.250250250250247;-0.20457837070775278;-0.07500786748430302
11;;;;20.27527527527525;-0.20314498169337403;-0.07457717306674633
12;;;;20.300300300300307;-0.20171209063798198;-0.07414542698417757
13;;;;20.32532532532531;-0.20027969598561085;-0.07371262724385938
14;;;;20.350350350350368;-0.19884779618046963;-0.07327877184910064
15;;;;20.37537537537537;-0.19741638966696223;-0.07284385879925474
16;;;;20.400400400400372;-0.19598547488966372;-0.07240788608970439
17;;;;20.42542542542543;-0.1945550502933222;-0.07197085171185427
18;;;;20.450450450450433;-0.19312511432286653;-0.07153275365312542
19;;;;20.47547547547549;-0.19169566542337718;-0.0710935898969384
20;;;;20.500500500500493;-0.19026670204010918;-0.07065335842271218
21;;;;20.525525525525552;-0.18883822261846603;-0.07021205720584837
22;;;;20.550550550550554;-0.18741022560401518;-0.06976968421772765
23;;;;20.575575575575556;-0.18598270944246797;-0.06932623742569574
24;;;;20.600600600600615;-0.18455567257967456;-0.06888171479305356
25;;;;20.625625625625617;-0.18312911346164432;-0.06843611427905563
26;;;;20.650650650650675;-0.18170303053450318;-0.06798943383888856
27;;;;20.675675675675677;-0.1802774222445313;-0.06754167142367469
28;;;;20.70070070070068;-0.1788522870381219;-0.06709282498045108
29;;;;20.725725725725738;-0.17742762336179635;-0.06664289245216594
30;;;;20.75075075075074;-0.17600342966220658;-0.06619187177767126
31;;;;20.7757757757758;-0.1745797043861042;-0.06573976089170488
32;;;;20.8008008008008;-0.17315644598037466;-0.06528655772489295
33;;;;20.825825825825802;-0.17173365289199322;-0.06483226020372772
34;;;;20.85085085085086;-0.1703113235680457;-0.06437686625056588
35;;;;20.875875875875863;-0.16888945645572484;-0.06392037378361902
36;;;;20.900900900900922;-0.16746805000230366;-0.06346278071693677
37;;;;20.925925925925924;-0.1660471026551659;-0.06300408496040832
38;;;;20.950950950950926;-0.16462661286176852;-0.0625442844197418
39;;;;20.975975975975985;-0.1632065790696555;-0.062083376996460424
40;;;;21.001001001000986;-0.1617869997264535;-0.061621360587892665
41;;;;21.026026026026045;-0.16036787327985927;-0.06115823308715972
42;;;;21.051051051051047;-0.15894919817764508;-0.06069399238316869
43;;;;21.076076076076106;-0.15753097286764345;-0.06022863636059932
44;;;;21.101101101101108;-0.1561131957977574;-0.059762162899898684
45;;;;21.12612612612611;-0.15469586541594307;-0.05929456987726692
46;;;;21.15115115115117;-0.1532789801702057;-0.058825855164647445
47;;;;21.17617617617617;-0.15186253850861095;-0.05835601662972213
48;;;;21.20120120120123;-0.1504465388792613;-0.05788505213589474
49;;;;21.22622622622623;-0.14903097973030557;-0.05741295954228561
50;;;;21.251251251251233;-0.14761585950992914;-0.05693973670371966
51;;;;21.276276276276292;-0.14620117666634014;-0.05646538147071314
52;;;;21.301301301301294;-0.14478692964779125;-0.05598989168947227
53;;;;21.326326326326353;-0.1433731169025479;-0.05551326520187378
54;;;;21.351351351351354;-0.14195973687890273;-0.05503549984546109
55;;;;21.376376376376356;-0.1405467880251579;-0.05455659345342955
56;;;;21.401401401401415;-0.13913426878962368;-0.0540765438546172
57;;;;21.426426426426417;-0.13772217762063235;-0.053595348873500676
58;;;;21.451451451451476;-0.13631051296650434;-0.05311300633017481
59;;;;21.476476476476478;-0.1348992732755662;-0.05262951404035002
60;;;;21.50150150150148;-0.13348845699613576;-0.05214486981533818
61;;;;21.52652652652654;-0.1320780625765191;-0.051659071462042905
62;;;;21.55155155155154;-0.13066808846501668;-0.05117211678295249
63;;;;21.5765765765766;-0.12925853310989588;-0.050684003576121746
64;;;;21.6016016016016;-0.12784939495941894;-0.05019472963517243
65;;;;21.626626626626603;-0.12644067246180413;-0.04970429274927103
66;;;;21.65165165165166;-0.12503236406524287;-0.049212690703125506
67;;;;21.676676676676664;-0.12362446821790182;-0.04871992127697711
68;;;;21.701701701701722;-0.12221698336789129;-0.04822598224658019
69;;;;21.726726726726724;-0.12080990796328925;-0.047730871383201576
70;;;;21.751751751751726;-0.11940324045211602;-0.04723458645360253
71;;;;21.776776776776785;-0.11799697928234187;-0.04673712522003232
72;;;;21.801801801801787;-0.11659112290188456;-0.04623848544021818
73;;;;21.826826826826846;-0.11518566975858642;-0.04573866486734796
74;;;;21.851851851851848;-0.11378061830024387;-0.04523766125007146
75;;;;21.87687687687685;-0.11237596697456283;-0.04473547233247534
76;;;;21.90190190190191;-0.11097171422918113;-0.044232095854081735
77;;;;21.92692692692691;-0.10956785851166218;-0.043727529549836865
78;;;;21.95195195195197;-0.1081643982694796;-0.04322177115009609
79;;;;21.97697697697697;-0.10676133195002137;-0.04271481838061614
80;;;;22.002002002001973;-0.105358658000584;-0.04220666896254362
81;;;;22.02702702702703;-0.10395637486835764;-0.04169732061240025
82;;;;22.052052052052034;-0.10255448100044463;-0.04118677104208022
83;;;;22.077077077077092;-0.10115297484383066;-0.04067501795883018
84;;;;22.102102102102094;-0.09975185484540089;-0.040162059065245774
85;;;;22.127127127127153;-0.09835111945191334;-0.039647892059252364
86;;;;22.152152152152155;-0.09695076711002061;-0.03913251463410349
87;;;;22.177177177177157;-0.09555079626623869;-0.038615924478359896
88;;;;22.202202202202216;-0.09415120536696113;-0.03809811927588514
89;;;;22.227227227227218;-0.09275199285845673;-0.037579096705835285
90;;;;22.252252252252276;-0.0913531571868394;-0.037058854442637956
91;;;;22.27727727727728;-0.08995469679810064;-0.036537390155994894
92;;;;22.30230230230228;-0.0885566101380733;-0.036014701510858775
93;;;;22.32732732732734;-0.08715889565244071;-0.0354907861674269
94;;;;22.35235235235234;-0.08576155178674072;-0.03496564178113302
95;;;;22.3773773773774;-0.0843645769863396;-0.03443926600262782
96;;;;22.4024024024024;-0.08296796969645161;-0.033911656477776504
97;;;;22.427427427427403;-0.08157172836211382;-0.03338281084763951
98;;;;22.452452452452462;-0.08017585142818806;-0.03285272674846344
99;;;;22.477477477477464;-0.07878033733937212;-0.03232140181167544
100;;;;22.502502502502523;-0.07738518454016699;-0.03178883366386092
101;;;;22.527527527527525;-0.07599039147489765;-0.03125501992676157
102;;;;22.552552552552527;-0.07459595658769584;-0.030719958217258838
103;;;;22.577577577577586;-0.07320187832248853;-0.0301836461473596
104;;;;22.602602602602587;-0.07180815512301836;-0.02964608132419402
105;;;;22.627627627627646;-0.07041478543280869;-0.029107261349992072
106;;;;22.652652652652648;-0.06902176769518577;-0.028567183822082138
107;;;;22.677677677677707;-0.0676291003532502;-0.028025846332869832
108;;;;22.70270270270271;-0.06623678184989745;-0.027483246469835947
109;;;;22.72772772772771;-0.06484481062779052;-0.02693938181551568
110;;;;22.75275275275277;-0.06345318512936164;-0.026394249947489175
111;;;;22.77777777777777;-0.06206190379682527;-0.025847848438376436
112;;;;22.80280280280283;-0.06067096507214351;-0.025300174855813574
113;;;;22.827827827827832;-0.05928036739705229;-0.02475122676245292
114;;;;22.852852852852834;-0.057890109213027195;-0.024201001715939304
115;;;;22.877877877877893;-0.056500188961300594;-0.023649497268906524
116;;;;22.902902902902895;-0.055110605082851045;-0.023096710968962885
117;;;;22.927927927927954;-0.05372135601839303;-0.02254264035867678
118;;;;22.952952952952955;-0.052332440208380626;-0.02198728297556782
119;;;;22.977977977977957;-0.05094385609299487;-0.021430636352091414
120;;;;23.003003003003016;-0.04955560211214243;-0.020872698015627786
121;;;;23.028028028028018;-0.04816767670546338;-0.02031346548847473
122;;;;23.053053053053077;-0.0467800783122935;-0.01975293628782192
123;;;;23.07807807807808;-0.045392805371701477;-0.019191107925755457
124;;;;23.10310310310308;-0.04400585632245231;-0.018627977909232558
125;;;;23.12812812812814;-0.042619229603012024;-0.01806354374007289
126;;;;23.15315315315314;-0.041232923651557056;-0.017497802914951847
127;;;;23.1781781781782;-0.039846936905942945;-0.016930752925377164
128;;;;23.203203203203202;-0.03846126780372341;-0.016362391257686078
129;;;;23.228228228228204;-0.037075914782134164;-0.01579271539302808
130;;;;23.253253253253263;-0.03569087627808394;-0.01522172280735048
131;;;;23.278278278278265;-0.034306150728169414;-0.014649410971393873
132;;;;23.303303303303323;-0.03292173656864059;-0.014075777350667116
133;;;;23.328328328328325;-0.0315376322354265;-0.013500819405447138
134;;;;23.353353353353327;-0.030153836164111564;-0.012924534590758404
135;;;;23.378378378378386;-0.02877034678992807;-0.012346920356358882
136;;;;23.403403403403388;-0.027387162547776605;-0.011767974146737751
137;;;;23.428428428428447;-0.026004281872183014;-0.011187693401086494
138;;;;23.45345345345345;-0.02462170319733247;-0.010606075553302265
139;;;;23.47847847847845;-0.023239424957035404;-0.010023118031962631
140;;;;23.50350350350351;-0.021857445584734923;-0.009438818260317708
141;;;;23.52852852852851;-0.020475763513507564;-0.008853173656279464
142;;;;23.55355355355357;-0.01909437717604371;-0.008266181632402423
143;;;;23.578578578578572;-0.017713285004657697;-0.007677839595876854
144;;;;23.603603603603574;-0.016332485431273268;-0.00708814494851151
145;;;;23.628628628628633;-0.01495197688741407;-0.006497095086718418
146;;;;23.653653653653635;-0.013571757804225237;-0.005904687401510977
147;;;;23.678678678678693;-0.012191826612428446;-0.005310919278473503
148;;;;23.703703703703695;-0.010812181742356111;-0.0047157880977646985
149;;;;23.728728728728754;-0.009432821623911077;-0.004119291234089039
150;;;;23.753753753753756;-0.00805374468659928;-0.0035214260566996027
151;;;;23.778778778778758;-0.006674949359487008;-0.0029221899293682707
152;;;;23.803803803803817;-0.005296434071221715;-0.002321580210383396
153;;;;23.82882882882882;-0.003918197250023615;-0.0017195942525348007
154;;;;23.853853853853877;-0.0025402373236645716;-0.0011162294030931557
155;;;;23.87887887887888;-0.0011625527194897487;-0.0005114830038080175
156;;;;23.90390390390388;0.00021485813561324035;9.464760911713977e-05
157;;;;23.92892892892894;0.001591996815207565;0.0007021651050334765
158;;;;23.953953953953942;0.002968864893304549;0.0013110721588571346
159;;;;23.978978978979;0.0043454639443858785;0.0019213714510905935
160;;;;24.004004004004003;0.005721795543389875;0.00253306566782819
161;;;;24.029029029029005;0.007097861265734943;0.00314615750077813
162;;;;24.054054054054063;0.008473662687314613;0.0037606496472719587
163;;;;24.079079079079065;0.009849201384493545;0.004376544810274434
164;;;;24.104104104104124;0.011224478934139828;0.00499384569840969
165;;;;24.129129129129126;0.012599496913593305;0.005612555025958789
166;;;;24.154154154154185;0.013974256900706519;0.006232675512889879
167;;;;24.179179179179187;0.015348760473819572;0.006854209884858694
168;;;;24.20420420420419;0.016723009211790162;0.007477160873233942
169;;;;24.229229229229247;0.018097004693981664;0.008101531215103805
170;;;;24.25425425425425;0.019470748500271966;0.008727323653291827
171;;;;24.279279279279308;0.02084424221106801;0.009354540936375486
172;;;;24.30430430430431;0.022217487407290393;0.009983185818691133
173;;;;24.329329329329312;0.023590485670403005;0.010613261060359518
174;;;;24.35435435435437;0.024963238582405047;0.011244769427294212
175;;;;24.379379379379372;0.026335747725829174;0.011877713691212802
176;;;;24.40440440440443;0.027708014683766553;0.012512096629660513
177;;;;24.429429429429433;0.029080041039845624;0.01314792102601256
178;;;;24.454454454454435;0.030451828378265888;0.013785189669501914
179;;;;24.479479479479494;0.03182337828378517;0.014423905355225645
180;;;;24.504504504504496;0.0331946923417224;0.015064070884158414
181;;;;24.529529529529555;0.03456577213797692;0.01570568906317374
182;;;;24.554554554554556;0.035936619259017186;0.016348762705051006
183;;;;24.57957957957956;0.037307235291903953;0.016993294628498676
184;;;;24.604604604604617;0.038677621824284455;0.017639287658163933
185;;;;24.62962962962962;0.04004778044439075;0.018286744624644292
186;;;;24.654654654654678;0.04141771274106325;0.018935668364511094
187;;;;24.67967967967968;0.04278742030373732;0.01958606172031571
188;;;;24.70470470470468;0.04415690472246263;0.020237927540611142
189;;;;24.72972972972974;0.045526167587907236;0.020891268679966553
190;;;;24.754754754754742;0.0468952104913485;0.02154608799897551
191;;;;24.7797797797798;0.048264035024693626;0.022202388364278337
192;;;;24.804804804804803;0.04963264278047981;0.022860172648574904
193;;;;24.829829829829805;0.051001035351875494;0.02351944373063783
194;;;;24.854854854854864;0.05236921433270123;0.024180204495335273
195;;;;24.879879879879866;0.0537371813174043;0.024842457833631433
196;;;;24.904904904904924;0.055104937901102324;0.02550620664262039
197;;;;24.929929929929926;0.05647248567955532;0.026171453825525375
198;;;;24.95495495495493;0.057839826249187334;0.026838202291722128
199;;;;24.979979979979987;0.059206961207102594;0.027506454956759664
200;;;;25.00500500500499;0.06057389215105479;0.02817621474235818
201;;;;25.030030030030048;0.061940620679496974;0.028847484576446408
202;;;;25.05505505505505;0.06330714839154879;0.029520267393158564
203;;;;25.08008008008005;0.06467347688702876;0.030194566132863213
204;;;;25.10510510510511;0.06603960776644828;0.03087038374217339
205;;;;25.130130130130112;0.06740554263100719;0.031547723173957515
206;;;;25.15515515515517;0.06877128308262953;0.032226587387370186
207;;;;25.180180180180173;0.07013683072392653;0.03290697934784702
208;;;;25.205205205205175;0.07150218715824003;0.033588902027139426
209;;;;25.230230230230234;0.07286735398963502;0.03427235840332418
210;;;;25.255255255255236;0.07423233282288665;0.03495735146081013
211;;;;25.280280280280294;0.07559712526352101;0.035643884190372
212;;;;25.305305305305296;0.07696173291778251;0.03633195958914732
213;;;;25.330330330330355;0.07832615739267781;0.03702158066067197
214;;;;25.355355355355357;0.07969040029594356;0.03771275041487725
215;;;;25.38038038038036;0.08105446323608241;0.038405471868121654
216;;;;25.405405405405418;0.08241834782235495;0.039099748043200204
217;;;;25.43043043043042;0.08378205566477777;0.039795581969357015
218;;;;25.45545545545548;0.0851455883741495;0.040492976682312144
219;;;;25.48048048048048;0.08650894756203352;0.041191935224266375
220;;;;25.505505505505482;0.08787213484078145;0.041892460643926835
221;;;;25.53053053053054;0.0892351518235325;0.042594555996520414
222;;;;25.555555555555543;0.09059800012421398;0.0432982243438077
223;;;;25.5805805805806;0.091960681357558;0.044003468754105414
224;;;;25.605605605605604;0.09332319713908614;0.04471029230229217
225;;;;25.630630630630606;0.09468554908514612;0.04541869806984138
226;;;;25.655655655655664;0.09604773881289685;0.046128689144827394
227;;;;25.680680680680666;0.09740976794030538;0.046840268621937735
228;;;;25.705705705705725;0.09877163808618176;0.047553439602505326
229;;;;25.730730730730727;0.100133350870154;0.04826820519450929
230;;;;25.755755755755786;0.10149490791270001;0.048984568512605804
231;;;;25.780780780780788;0.1028563108351286;0.049702532678132114
232;;;;25.80580580580579;0.10421756125960663;0.05042210081913496
233;;;;25.83083083083085;0.10557866080915704;0.05114327607038374
234;;;;25.85585585585585;0.10693961110765152;0.05186606157338069
235;;;;25.88088088088091;0.1083004137798401;0.0525904604763909
236;;;;25.90590590590591;0.10966107045133663;0.05331647593444881
237;;;;25.930930930930913;0.11102158274863481;0.054044111109381045
238;;;;25.95595595595597;0.11238195229911818;0.054773369169826114
239;;;;25.980980980980974;0.11374218073104651;0.05550425329124153
240;;;;26.006006006006032;0.11510226967359023;0.05623676665593659
241;;;;26.031031031031034;0.11646222075680085;0.0569709124530711
242;;;;26.056056056056036;0.11782203561165575;0.057706693878693795
243;;;;26.081081081081095;0.1191817158700366;0.05844411413574545
244;;;;26.106106106106097;0.12054126316473672;0.05918317643407729
245;;;;26.131131131131156;0.12190067912948659;0.05992388399047949
246;;;;26.156156156156158;0.12325996539893574;0.06066624002868602
247;;;;26.18118118118116;0.12461912360867215;0.06141024777939989
248;;;;26.206206206206218;0.1259781553952357;0.06215591048031524
249;;;;26.23123123123122;0.12733706239609535;0.06290323137611965
250;;;;26.25625625625628;0.1286958462496901;0.06365221371853143
251;;;;26.28128128128128;0.13005450859540602;0.06440286076630188
252;;;;26.306306306306283;0.13141305107360302;0.06515517578524488
253;;;;26.33133133133134;0.1327714753256122;0.06590916204825044
254;;;;26.356356356356343;0.13412978299373168;0.06666482283529741
255;;;;26.381381381381402;0.13548797572126178;0.06742216143348795
256;;;;26.406406406406404;0.13684605515246887;0.06818118113704257
257;;;;26.431431431431406;0.13820402293263356;0.06894188524734209
258;;;;26.456456456456465;0.13956188070803155;0.06970427707293206
259;;;;26.481481481481467;0.14091963012593936;0.07046835992954126
260;;;;26.506506506506526;0.14227727283465957;0.07123413714011102
261;;;;26.531531531531527;0.14363481048349971;0.07200161203479871
262;;;;26.55655655655653;0.14499224472280295;0.07277078795101026
263;;;;26.581581581581588;0.14634957720394612;0.07354166823341457
264;;;;26.60660660660659;0.14770680957933324;0.07431425623395516
265;;;;26.63163163163165;0.14906394350242286;0.07508855531188112
266;;;;26.65665665665665;0.15042098062771037;0.07586456883375264
267;;;;26.681681681681653;0.15177792261076206;0.07664230017347597
268;;;;26.70670670670671;0.15313477110820228;0.07742175271231153
269;;;;26.731731731731713;0.15449152777771297;0.07820292983888943
270;;;;26.756756756756772;0.15584819427806745;0.07898583494924455
271;;;;26.781781781781774;0.15720477226910304;0.07977047144681633
272;;;;26.806806806806833;0.1585612634117606;0.08055684274248753
273;;;;26.831831831831835;0.15991766936805704;0.08134495225458406
274;;;;26.856856856856837;0.16127399180112365;0.082134803408913
275;;;;26.881881881881895;0.16263023237519303;0.08292639963877105
276;;;;26.906906906906897;0.16398639275560117;0.08371974438496148
277;;;;26.931931931931956;0.16534247460881688;0.08451484109582746
278;;;;26.956956956956958;0.1666984796024182;0.08531169322725422
279;;;;26.98198198198196;0.16805440940512745;0.0861103042427056
280;;;;27.00700700700702;0.16941026568679643;0.08691067761323168
281;;;;27.03203203203202;0.1707660501184213;0.08771281681749345
282;;;;27.05705705705708;0.1721217643721537;0.08851672534178574
283;;;;27.08208208208208;0.17347741012129098;0.08932240668004766
284;;;;27.107107107107083;0.17483298904030095;0.09012986433389361
285;;;;27.132132132132142;0.17618850280482284;0.0909391018126301
286;;;;27.157157157157144;0.17754395309166024;0.091750122633268
287;;;;27.182182182182203;0.17889934157881335;0.09256293032055825
288;;;;27.207207207207205;0.18025466994545294;0.09337752840699273
289;;;;27.232232232232207;0.18160993987196217;0.09419392043284582
290;;;;27.257257257257265;0.18296515303991598;0.09501210994617869
291;;;;27.282282282282267;0.18432031113209477;0.09583210050286409
292;;;;27.307307307307326;0.1856754158325057;0.09665389566661595
293;;;;27.332332332332328;0.18703046882635757;0.0974774990089907
294;;;;27.357357357357387;0.18838547180010462;0.09830291410943093
295;;;;27.38238238238239;0.1897404264414203;0.09913014455526592
296;;;;27.40740740740739;0.1910953344392308;0.09995919394174908
297;;;;27.43243243243245;0.1924501974837063;0.10079006587206961
298;;;;27.45745745745745;0.1938050172662607;0.10162276395736906
299;;;;27.48248248248251;0.19515979547958145;0.10245729181677675
300;;;;27.507507507507512;0.19651453381761017;0.10329365307741499
301;;;;27.532532532532514;0.1978692339755727;0.10413185137443441
302;;;;27.557557557557573;0.19922389764997586;0.10497189035102945
303;;;;27.582582582582575;0.2005785265385965;0.10581377365844855
304;;;;27.607607607607633;0.20193312234052999;0.10665750495604147
305;;;;27.632632632632635;0.20328768675614595;0.10750308791124918
306;;;;27.657657657657637;0.20464222148713931;0.10835052619965291
307;;;;27.682682682682696;0.20599672823651663;0.10919982350498299
308;;;;27.707707707707698;0.20735120870859353;0.11005098351913473
309;;;;27.732732732732757;0.20870566460902756;0.11090400994220649
310;;;;27.75775775775776;0.21006009764479663;0.11175890648250372
311;;;;27.78278278278276;0.2114145095242279;0.11261567685657453
312;;;;27.80780780780782;0.21276890195699744;0.11347432478922741
313;;;;27.83283283283282;0.21412327665412498;0.11433485401354536
314;;;;27.85785785785788;0.21547763532800782;0.1151972682709252
315;;;;27.882882882882882;0.21683197969239207;0.11606157131107714
316;;;;27.907907907907884;0.21818631146241735;0.11692776689207093
317;;;;27.932932932932943;0.21954063235459645;0.11779585878034089
318;;;;27.957957957957944;0.220894944086826;0.11866585075071068
319;;;;27.982982982983003;0.222249248378411;0.11953774658642685
320;;;;28.008008008008005;0.22360354695004594;0.12041155007916492
321;;;;28.033033033033007;0.22495784152384482;0.12128726502906677
322;;;;28.058058058058066;0.22631213382333618;0.1221648952447554
323;;;;28.083083083083068;0.22766642557346722;0.1230444445433561
324;;;;28.108108108108127;0.22902071850062403;0.1239259167505274
325;;;;28.13313313313313;0.23037501433262134;0.1248093157004731
326;;;;28.15815815815813;0.23172931479872486;0.12569464523597487
327;;;;28.18318318318319;0.23308362162965784;0.12658190920841508
328;;;;28.20820820820819;0.23443793655758496;0.12747111147778467
329;;;;28.23323323323325;0.23579226131615774;0.1283622559127314
330;;;;28.25825825825825;0.23714659764048185;0.12925534639055689
331;;;;28.283283283283254;0.23850094726715673;0.13015038679726143
332;;;;28.308308308308312;0.2398553119342676;0.13104738102755722
333;;;;28.333333333333314;0.24120969338138923;0.1319463329848897
334;;;;28.358358358358373;0.24256409334960383;0.1328472465814681
335;;;;28.383383383383375;0.24391851358149655;0.13375012573828127
336;;;;28.408408408408434;0.24527295582117867;0.13465497438513196
337;;;;28.433433433433436;0.24662742181426983;0.13556179646064392
338;;;;28.458458458458438;0.2479819133079386;0.13647059591230812
339;;;;28.483483483483496;0.2493364320508815;0.13738137669648745
340;;;;28.5085085085085;0.25069097979333926;0.13829414277844698
341;;;;28.533533533533557;0.252045558287116;0.13920889813238582
342;;;;28.55855855855856;0.2534001692855581;0.14012564674144226
343;;;;28.58358358358356;0.2547548145435986;0.14104439259774285
344;;;;28.60860860860862;0.25610949581773773;0.1419651397024086
345;;;;28.63363363363362;0.25746421486605425;0.1428878920655819
346;;;;28.65865865865868;0.25881897344822374;0.14381265370645874
347;;;;28.683683683683682;0.2601737733255128;0.14473942865330366
348;;;;28.708708708708684;0.2615286162607957;0.14566822094348134
349;;;;28.733733733733743;0.2628835040185653;0.14659903462348287
350;;;;28.758758758758745;0.26423843836492034;0.14753187374893736
351;;;;28.783783783783804;0.26559342106760153;0.14846674238465604
352;;;;28.808808808808806;0.2669484538959723;0.149403644604639
353;;;;28.833833833833864;0.26830353862105155;0.15034258449211726
354;;;;28.858858858858866;0.26965867701548984;0.15128356613955657
355;;;;28.88388388388387;0.2710138708536138;0.15222659364870772
356;;;;28.908908908908927;0.27236912191140816;0.15317167113061447
357;;;;28.93393393393393;0.2737244319665257;0.15411880270564013
358;;;;28.958958958958988;0.27507980279830957;0.15506799250350334
359;;;;28.98398398398399;0.27643523618777976;0.15601924466328893
360;;;;29.00900900900899;0.27779073391765985;0.15697256333348647
361;;;;29.03403403403405;0.27914629777238287;0.1579279526720152
362;;;;29.059059059059052;0.28050192953807523;0.15888541684623259
363;;;;29.08408408408411;0.2818576310026033;0.15984496003298776
364;;;;29.109109109109113;0.28321340395554007;0.16080658641861825
365;;;;29.134134134134115;0.28456925018821183;0.16177030019900382
366;;;;29.159159159159174;0.28592517149367863;0.16273610557957274
367;;;;29.184184184184176;0.2872811696667472;0.1637040067753321
368;;;;29.209209209209234;0.28863724650399303;0.16467400801090357
369;;;;29.234234234234236;0.2899934038037458;0.16564611352053452
370;;;;29.259259259259238;0.29134964336611996;0.16662032754813996
371;;;;29.284284284284297;0.2927059669930102;0.16759665434732068
372;;;;29.3093093093093;0.2940623764880905;0.16857509818138303
373;;;;29.334334334334358;0.2954188736568508;0.16955566332338676
374;;;;29.35935935935936;0.296775460306569;0.1705383540561455
375;;;;29.38438438438436;0.2981321382463492;0.17152317467227574
376;;;;29.40940940940942;0.29948890928711663;0.172510129474214
377;;;;29.434434434434422;0.3008457752416171;0.17349922277423807
378;;;;29.45945945945948;0.30220273792445096;0.17449045889451267
379;;;;29.484484484484483;0.3035597991520444;0.17548384216708998
380;;;;29.509509509509485;0.30491696074269686;0.17647937693396573
381;;;;29.534534534534544;0.30627422451656267;0.17747706754708703
382;;;;29.559559559559546;0.30763159229566206;0.17847691836838228
383;;;;29.584584584584604;0.3089890659039058;0.1794789337698006
384;;;;29.609609609609606;0.31034664716707827;0.18048311813332107
385;;;;29.634634634634608;0.3117043379128709;0.1814894758509993
386;;;;29.659659659659667;0.31306213997087634;0.18249801132498467
387;;;;29.68468468468467;0.3144200551725888;0.18350872896754247
388;;;;29.709709709709728;0.31577808535144186;0.184521633201104
389;;;;29.73473473473473;0.31713623234277916;0.18553672845826658
390;;;;29.75975975975973;0.31849449798389345;0.18655401918184486
391;;;;29.78478478478479;0.31985288411401963;0.18757350982488746
392;;;;29.809809809809792;0.32121139257434084;0.18859520485070408
393;;;;29.83483483483485;0.3225700252080125;0.18961910873290524
394;;;;29.859859859859853;0.3239287838601529;0.19064522595541802
395;;;;29.884884884884855;0.32528767037785833;0.19167356101251945
396;;;;29.909909909909913;0.32664668661022744;0.19270411840887738
397;;;;29.934934934934915;0.32800583440833153;0.19373690265955068
398;;;;29.959959959959974;0.32936511562526966;0.19477191829005333
399;;;;29.984984984984976;0.3307245321161336;0.19580916983635047
400;;;;30.010010010010035;0.3320840857380576;0.196848661844919
401;;;;30.035035035035037;0.3334437783501855;0.19789039887274532
402;;;;30.06006006006004;0.33480361181371665;0.1989343854873829
403;;;;30.085085085085097;0.33616358799189294;0.1999806262669657
404;;;;30.1101101101101;0.337523708750009;0.20102912580023857
405;;;;30.135135135135158;0.33888397595543257;0.20207988868659615
406;;;;30.16016016016016;0.340244391477593;0.2031329195360968
407;;;;30.185185185185162;0.3416049571880122;0.20418822296951
408;;;;30.21021021021022;0.3429656749603067;0.2052458036183408
409;;;;30.235235235235223;0.3443265466701811;0.20630566612484832
410;;;;30.26026026026028;0.3456875741954615;0.20736781514209496
411;;;;30.285285285285283;0.3470487594160792;0.20843225533395704
412;;;;30.310310310310285;0.348410104214105;0.20949899137517494
413;;;;30.335335335335344;0.3497716104737392;0.21056802795136925
414;;;;30.360360360360346;0.35113328008132616;0.21163936975907538
415;;;;30.385385385385405;0.352495114925369;0.21271302150577895
416;;;;30.410410410410407;0.3538571168965236;0.21378898790993484
417;;;;30.435435435435465;0.3552192878876336;0.21486727370101852
418;;;;30.460460460460467;0.3565816297937031;0.21594788361952844
419;;;;30.48548548548547;0.35794414451194134;0.21703082241704535
420;;;;30.510510510510528;0.35930683394175594;0.21811609485625083
421;;;;30.53553553553553;0.36066969998474985;0.21920370571094933
422;;;;30.56056056056059;0.36203274454476203;0.22029365976612428
423;;;;30.58558558558559;0.3633959695278385;0.2213859618179396
424;;;;30.610610610610593;0.36475937684227305;0.22248061667379626
425;;;;30.63563563563565;0.3661229683986052;0.2235776291523553
426;;;;30.660660660660653;0.3674867461096178;0.2246770040835602
427;;;;30.685685685685712;0.36885071189037183;0.2257787463086894
428;;;;30.710710710710714;0.3702148676581836;0.22688286068036267
429;;;;30.735735735735716;0.3715792153326657;0.22798935206259852
430;;;;30.760760760760775;0.3729437568357185;0.2290982253308325
431;;;;30.785785785785777;0.374308494091537;0.23020948537194724
432;;;;30.810810810810835;0.37567342902663653;0.23132313708431831
433;;;;30.835835835835837;0.3770385635698389;0.232439185377828
434;;;;30.86086086086084;0.37840389965230503;0.23355763517391687
435;;;;30.885885885885898;0.37976943920753736;0.2346784914056108
436;;;;30.9109109109109;0.3811351841713739;0.23580175901754136
437;;;;30.93593593593596;0.3825011364820244;0.2369274429660007
438;;;;30.96096096096096;0.38386729808004866;0.23805554821894925
439;;;;30.985985985985963;0.3852336709083998;0.23918607975607642
440;;;;31.01101101101102;0.3866002569124115;0.24031904256881573
441;;;;31.036036036036023;0.38796705803980996;0.24145444166038024
442;;;;31.061061061061082;0.3893340762407345;0.2425922820458054
443;;;;31.086086086086084;0.39070131346772746;0.24373256875196603
444;;;;31.111111111111086;0.3920687716757729;0.2448753068176346
445;;;;31.136136136136145;0.39343645282227924;0.24602050129349254
446;;;;31.161161161161147;0.39480435886710114;0.24716815724217425
447;;;;31.186186186186205;0.39617249177255254;0.24831827973830436
448;;;;31.211211211211207;0.39754085350340446;0.2494708738685216
449;;;;31.23623623623621;0.39890944602690703;0.25062594473152383
450;;;;31.261261261261268;0.4002782713128003;0.25178349743810313
451;;;;31.28628628628627;0.4016473313333083;0.2529435371111671
452;;;;31.31131131131133;0.4030166280631666;0.2541060688857889
453;;;;31.33633633633633;0.40438616347961975;0.2552710979092309
454;;;;31.361361361361332;0.4057559395624388;0.2564386293409869
455;;;;31.38638638638639;0.4071259582939399;0.2576086683528236
456;;;;31.411411411411393;0.408496221658964;0.25878122012879107
457;;;;31.436436436436452;0.4098667316449228;0.25995628986528807
458;;;;31.461461461461454;0.4112374902417856;0.2611338827710777
459;;;;31.486486486486513;0.412608499442101;0.26231400406733335
460;;;;31.511511511511515;0.4139797612409979;0.26349665898766594
461;;;;31.536536536536516;0.41535127763620316;0.2646818527781669
462;;;;31.561561561561575;0.41672305062805703;0.2658695906974482
463;;;;31.586586586586577;0.41809508221950326;0.2670598780166613
464;;;;31.611611611611636;0.4194673744161222;0.26825272001955286
465;;;;31.636636636636638;0.4208399292261249;0.26944812200248736
466;;;;31.66166166166164;0.4222127486603725;0.2706460892744913
467;;;;31.6866866866867;0.42358583473238975;0.2718466271572925
468;;;;31.7117117117117;0.4249591894583563;0.2730497409853404
469;;;;31.73673673673676;0.42633281485714764;0.2742554361058693
470;;;;31.76176176176176;0.4277067129503132;0.2754637178789071
471;;;;31.786786786786763;0.4290808857621102;0.27667459167733305
472;;;;31.811811811811822;0.430455335319511;0.2778880628869122
473;;;;31.836836836836824;0.43183006365219717;0.27910413690631786
474;;;;31.861861861861883;0.4332050727925958;0.28032281914719237
475;;;;31.886886886886884;0.43458036477586387;0.28154411503416127
476;;;;31.911911911911943;0.43595594163992596;0.28276803000489487
477;;;;31.936936936936945;0.43733180542545597;0.2839945695101207
478;;;;31.961961961961947;0.43870795817591396;0.28522373901368475
479;;;;31.986986986987006;0.440084401937543;0.2864555439925769
480;;;;32.01201201201201;0.44146113875938026;0.2876899899369701
481;;;;32.03703703703707;0.44283817069327625;0.2889270823502657
482;;;;32.06206206206207;0.44421549979389147;0.29016682674911976
483;;;;32.08708708708707;0.4455931281187231;0.29140922866349567
484;;;;32.11211211211213;0.44697105772811463;0.2926542936367019
485;;;;32.13713713713713;0.4483492906852432;0.29390202722540976
486;;;;32.16216216216219;0.4497278290561675;0.29515243499972565
487;;;;32.18718718718719;0.4511066749098094;0.29640552254320396
488;;;;32.212212212212194;0.45248583031797623;0.2976612954528965
489;;;;32.23723723723725;0.45386529735538345;0.2989197593394024
490;;;;32.262262262262254;0.45524507809963427;0.30018091982687933
491;;;;32.28728728728731;0.4566251746312711;0.3014447825531199
492;;;;32.312312312312315;0.45800558903374944;0.30271135316955755
493;;;;32.33733733733732;0.45938632339347724;0.30398063734133246
494;;;;32.362362362362376;0.4607673797998139;0.3052526407473203
495;;;;32.38738738738738;0.4621487603450788;0.30652736908017014
496;;;;32.412412412412436;0.4635304671245696;0.30780482804635156
497;;;;32.43743743743744;0.46491250223657143;0.3090850233661931
498;;;;32.46246246246244;0.46629486778236406;0.3103679607739189
499;;;;32.4874874874875;0.46767756586624903;0.31165364601770473
500;;;;32.5125125125125;0.4690605985955323;0.31294208485969177
501;;;;32.53753753753756;0.470443968080571;0.31423328307606085
502;;;;32.56256256256256;0.47182767643475226;0.3155272464570434
503;;;;32.587587587587564;0.473211725774532;0.31682398080698804
504;;;;32.61261261261262;0.47459611821942765;0.31812349194438483
505;;;;32.637637637637624;0.4759808558920374;0.31942578570191416
506;;;;32.66266266266268;0.47736594091805906;0.3207308679264953
507;;;;32.687687687687685;0.4787513754262806;0.3220387444793087
508;;;;32.71271271271269;0.4801371615486154;0.3233494212358602
509;;;;32.737737737737746;0.48152330142011174;0.32466290408602144
510;;;;32.76276276276275;0.4829097971789354;0.32597919893404453
511;;;;32.787787787787806;0.4842966509664308;0.32729831169865176
512;;;;32.81281281281281;0.4856838649270826;0.32862024831303005
513;;;;32.83783783783781;0.48707144120856616;0.32994501472491133
514;;;;32.86286286286287;0.4884593819617415;0.33127261689659804
515;;;;32.88788788788787;0.4898476893406641;0.3326030608050053
516;;;;32.91291291291293;0.4912363655026135;0.3339363524417203
517;;;;32.93793793793793;0.4926254126080736;0.3352724978130154
518;;;;32.96296296296293;0.49401483282078557;0.3366115029399309
519;;;;32.98798798798799;0.49540462830773363;0.3379533738582938
520;;;;33.013013013012994;0.4967948012391544;0.3392981166187589
521;;;;33.03803803803805;0.49818535378857465;0.34064573728687775
522;;;;33.063063063063055;0.4995762881327895;0.34199624194311
523;;;;33.08808808808806;0.5009676064519043;0.34334963668289664
524;;;;33.113113113113116;0.5023593109293406;0.3447059276166984
525;;;;33.13813813813812;0.5037514037518283;0.346065120870021
526;;;;33.163163163163176;0.5051438871094499;0.3474272225834912
527;;;;33.18818818818818;0.5065367631956232;0.3487922389128726
528;;;;33.21321321321324;0.5079300342071404;0.3501601760291372
529;;;;33.23823823823824;0.5093237023441556;0.3515310401184864
530;;;;33.26326326326324;0.5107177698102207;0.3529048373824196
531;;;;33.2882882882883;0.5121122388122871;0.35428157403776883
532;;;;33.3133133133133;0.5135071115607109;0.3556612563167377
533;;;;33.33833833833836;0.5149023902692851;0.3570438904669667
534;;;;33.36336336336336;0.5162980771552306;0.3584294827515581
535;;;;33.38838838838842;0.5176941744392338;0.3598180394491468
536;;;;33.41341341341342;0.5190906843454255;0.36120956685391337
537;;;;33.438438438438425;0.5204876091014371;0.36260407127567396
538;;;;33.46346346346348;0.5218849509383777;0.3640015590398917
539;;;;33.488488488488485;0.5232827120908629;0.36540203648773917
540;;;;33.513513513513544;0.5246808947970301;0.36680550997614886
541;;;;33.538538538538546;0.5260795012985364;0.36821198587784437
542;;;;33.56356356356355;0.5274785338405938;0.3696214705814113
543;;;;33.58858858858861;0.5288779946719742;0.3710339704913361
544;;;;33.61361361361361;0.5302778860450059;0.37244949202803806
545;;;;33.63863863863867;0.5316782102156135;0.3738680416279435
546;;;;33.66366366366367;0.5330789694433112;0.3752896257435149
547;;;;33.68868868868867;0.5344801659912322;0.3767142508433145
548;;;;33.71371371371373;0.5358818021261287;0.37814192341204095
549;;;;33.73873873873873;0.5372838801183917;0.37957264995058326
550;;;;33.76376376376379;0.5386864022420659;0.38100643697607245
551;;;;33.78878878878879;0.5400893707748566;0.3824432910219234
552;;;;33.813813813813795;0.5414927879981563;0.3838832186378976
553;;;;33.83883883883885;0.5428966561970469;0.3853262263901416
554;;;;33.863863863863855;0.5443009776603128;0.386772320861236
555;;;;33.888888888888914;0.5457057546804663;0.38822150865025706
556;;;;33.913913913913916;0.5471109895537499;0.3896737963728156
557;;;;33.93893893893892;0.5485166845801537;0.3911291906611108
558;;;;33.96396396396398;0.5499228420634377;0.3925876981639899
559;;;;33.98898898898898;0.5513294643111272;0.394049325546979
560;;;;34.01401401401404;0.5527365536345518;0.39551407949236084
561;;;;34.03903903903904;0.5541441123488298;0.3969819666991942
562;;;;34.06406406406404;0.5555521427729146;0.3984529938833998
563;;;;34.0890890890891;0.5569606472295885;0.39992716777779
564;;;;34.1141141141141;0.5583696280454696;0.4014044951321135
565;;;;34.13913913913916;0.5597790875510593;0.402884982713141
566;;;;34.16416416416416;0.5611890280807134;0.40436863730467326
567;;;;34.189189189189165;0.5625994519726933;0.4058554657076317
568;;;;34.21421421421422;0.5640103615691676;0.4073454747400967
569;;;;34.239239239239225;0.5654217592162089;0.40883867123734263
570;;;;34.264264264264284;0.5668336472638444;0.4103350620519288
571;;;;34.289289289289286;0.5682460280660322;0.41183465405371134
572;;;;34.31431431431429;0.5696589039807057;0.4133374541299288
573;;;;34.33933933933935;0.5710722773697768;0.4148434691852432
574;;;;34.36436436436435;0.572486150599146;0.41635270614178865
575;;;;34.38938938938941;0.5739005260387262;0.4178651719392355
576;;;;34.41441441441441;0.5753154060624494;0.4193808735348347
577;;;;34.43943943943941;0.5767307930482894;0.4208998179034819
578;;;;34.46446446446447;0.5781466893782736;0.4224220120377669
579;;;;34.48948948948947;0.5795630974384902;0.42394746294802155
580;;;;34.51451451451453;0.5809800196191268;0.4254761776623989
581;;;;34.53953953953953;0.5823974583144504;0.42700816322689156
582;;;;34.564564564564535;0.5838154159228537;0.42854342670541934
583;;;;34.58958958958959;0.5852338948468574;0.4300819751798721
584;;;;34.614614614614595;0.5866528974931223;0.4316238157501613
585;;;;34.639639639639654;0.5880724262724752;0.4331689555342878
586;;;;34.664664664664656;0.5894924835999082;0.4347174016683804
587;;;;34.68968968968966;0.5909130718946141;0.4362691613067737
588;;;;34.71471471471472;0.5923341935799898;0.43782424162205263
589;;;;34.73973973973972;0.5937558510836463;0.43938264980510133
590;;;;34.76476476476478;0.5951780468374438;0.4409443930651835
591;;;;34.78978978978978;0.5966007832774848;0.44250947862997364
592;;;;34.81481481481484;0.5980240628441493;0.4440779137456362
593;;;;34.83983983983984;0.5994478879820944;0.4456497056768657
594;;;;34.86486486486484;0.6008722611402824;0.4472248617069578
595;;;;34.8898898898899;0.6022971847719939;0.4488033891378648
596;;;;34.9149149149149;0.6037226613348363;0.4503852952902454
597;;;;34.93993993993996;0.6051486932907731;0.45197058750353786
598;;;;34.96496496496496;0.6065752831061193;0.4535592731359962
599;;;;34.98998998999002;0.6080024332515873;0.4551513595647822
600;;;;35.015015015015024;0.6094301462022714;0.45674685418598926
601;;;;35.040040040040026;0.6108584244376885;0.4583457644147291
602;;;;35.065065065065085;0.6122872704417841;0.4599480976851801
603;;;;35.09009009009009;0.6137166867029444;0.4615538614506425
604;;;;35.115115115115145;0.6151466757140275;0.4631630631836145
605;;;;35.14014014014015;0.6165772399723549;0.46477571037582577
606;;;;35.16516516516515;0.6180083819797575;0.46639181053832945
607;;;;35.19019019019021;0.6194401042425755;0.468011371201546
608;;;;35.21521521521521;0.6208724092716695;0.469634399915317
609;;;;35.24024024024027;0.6223052995824601;0.4712609042489916
610;;;;35.26526526526527;0.6237387776949094;0.4728908917914502
611;;;;35.29029029029027;0.625172846133578;0.4745243701512094
612;;;;35.31531531531533;0.6266075074276186;0.47616134695645923
613;;;;35.34034034034033;0.6280427641107829;0.47780182985511266
614;;;;35.36536536536539;0.62947861872147;0.47944582651490525
615;;;;35.390390390390394;0.6309150738027146;0.48109334462342307
616;;;;35.415415415415396;0.6323521319022212;0.4827443918881868
617;;;;35.440440440440454;0.633789795572375;0.48439897603670706
618;;;;35.465465465465456;0.6352280673702555;0.4860571048165428
619;;;;35.490490490490515;0.6366669498576684;0.48771878599538315
620;;;;35.51551551551552;0.6381064456011334;0.4893840273610765
621;;;;35.54054054054052;0.6395465571719424;0.4910528367217411
622;;;;35.56556556556558;0.6409872871461473;0.4927252219057961
623;;;;35.59059059059058;0.6424286381045784;0.4944011907620265
624;;;;35.61561561561564;0.6438706126328853;0.4960807511596755
625;;;;35.64064064064064;0.6453132133215194;0.4977639109884681
626;;;;35.66566566566564;0.6467564427657875;0.49945067815871846
627;;;;35.6906906906907;0.6482003035658496;0.5011410606013724
628;;;;35.7157157157157;0.6496447983267333;0.5028350662680687
629;;;;35.74074074074076;0.6510899296583702;0.5045327031312273
630;;;;35.765765765765764;0.6525357001755876;0.5062339791840842
631;;;;35.790790790790766;0.6539821124981572;0.5079389024407948
632;;;;35.815815815815824;0.655429169250791;0.5096474809364737
633;;;;35.840840840840826;0.6568768730631626;0.5113597227272665
634;;;;35.865865865865885;0.6583252265699404;0.5130756358904339
635;;;;35.89089089089089;0.6597742324107778;0.5147952285243863
636;;;;35.91591591591589;0.6612238932303641;0.5165185087487907
637;;;;35.94094094094095;0.6626742116784249;0.5182454847046164
638;;;;35.96596596596595;0.6641251904097328;0.5199761645541953
639;;;;35.99099099099101;0.66557683208415;0.521710556481318
640;;;;36.01601601601601;0.6670291393666211;0.5234486686912729
641;;;;36.04104104104101;0.6684821149272178;0.5251905094109456
642;;;;36.06606606606607;0.669935761441134;0.5269360868888604
643;;;;36.09109109109107;0.6713900815887163;0.5286854093952641
644;;;;36.11611611611613;0.6728450780554887;0.5304384852222024
645;;;;36.141141141141134;0.674300753532151;0.532195322683566
646;;;;36.166166166166136;0.6757571107146259;0.5339559301151942
647;;;;36.191191191191194;0.6772141523040577;0.5357203158749222
648;;;;36.216216216216196;0.6786718810068371;0.5374884883426573
649;;;;36.241241241241255;0.6801302995346203;0.5392604559204517
650;;;;36.26626626626626;0.6815894106043509;0.5410362270325755
651;;;;36.29129129129126;0.6830492169382787;0.5428158101255899
652;;;;36.31631631631632;0.6845097212639809;0.5445992136684195
653;;;;36.34134134134132;0.6859709263143652;0.5463864461524058
654;;;;36.36636636636638;0.6874328348277248;0.5481775160914231
655;;;;36.39139139139138;0.6888954495477161;0.5499724320218994
656;;;;36.41641641641644;0.6903587732234133;0.5517712025029334
657;;;;36.44144144144144;0.6918228086093081;0.5535738361163426
658;;;;36.4664664664665;0.6932875584653398;0.5553803414667499
659;;;;36.4914914914915;0.6947530255569012;0.5571907271816403
660;;;;36.5165165165165;0.6962192126548818;0.5590050019114645
661;;;;36.54154154154156;0.6976861225356723;0.5608231743296932
662;;;;36.566566566566564;0.699153757981177;0.5626452531328836
663;;;;36.59159159159162;0.7006221217788609;0.5644712470407871
664;;;;36.616616616616625;0.7020912167217408;0.566301164796389
665;;;;36.64164164164163;0.7035610456084234;0.5681350151660064
666;;;;36.666666666666686;0.7050316112431297;0.5699728069393691
667;;;;36.69169169169169;0.706502916435691;0.5718145489296651
668;;;;36.716716716716746;0.7079749640016056;0.5736602499736633
669;;;;36.74174174174175;0.7094477567620209;0.5755099189317412
670;;;;36.76676676676675;0.7109212975437893;0.5773635646880072
671;;;;36.79179179179181;0.7123955891794675;0.5792211961503507
672;;;;36.81681681681681;0.7138706345073383;0.5810828222505209
673;;;;36.84184184184187;0.7153464363714481;0.5829484519442263
674;;;;36.86686686686687;0.7168229976216061;0.5848180942111857
675;;;;36.89189189189187;0.7183003211134253;0.5866917580552319
676;;;;36.91691691691693;0.7197784097083321;0.5885694525043756
677;;;;36.941941941941934;0.721257266273587;0.5904511866108856
678;;;;36.96696696696699;0.7227368936823214;0.5923369694513866
679;;;;36.991991991991995;0.7242172948135274;0.5942268101268995
680;;;;37.017017017017;0.7256984725521228;0.5961207177629781
681;;;;37.042042042042056;0.7271804297889373;0.598018701509743
682;;;;37.06706706706706;0.7286631694207455;0.5999207705419787
683;;;;37.092092092092116;0.7301466943502998;0.6018269340592275
684;;;;37.11711711711712;0.7316310074863318;0.6037372012858466
685;;;;37.14214214214212;0.7331161117435967;0.6056515814711181
686;;;;37.16716716716718;0.7346020100428818;0.6075700838893136
687;;;;37.19219219219218;0.73608870531102;0.6094927178397664
688;;;;37.21721721721724;0.7375762004809449;0.6114194926469969
689;;;;37.24224224224224;0.739064498491671;0.6133504176607412
690;;;;37.26726726726724;0.7405536022883467;0.615285502256074
691;;;;37.2922922922923;0.7420435148222781;0.6172247558334959
692;;;;37.317317317317304;0.7435342390509186;0.6191681878189728
693;;;;37.34234234234236;0.7450257779379323;0.621115807664075
694;;;;37.367367367367365;0.7465181344531931;0.6230676248460313
695;;;;37.39239239239237;0.7480113115728102;0.6250236488678175
696;;;;37.417417417417425;0.749505312279165;0.6269838892582602
697;;;;37.44244244244243;0.751000139560908;0.6289483555720895
698;;;;37.467467467467486;0.7524957964130122;0.6309170573900638
699;;;;37.49249249249249;0.7539922858367749;0.6328900043190298
700;;;;37.51751751751749;0.7554896108398474;0.6348672059920174
701;;;;37.54254254254255;0.756987774436269;0.6368486720683407
702;;;;37.56756756756755;0.7584867796464664;0.6388344122336552
703;;;;37.59259259259261;0.759986629497306;0.640824436200083
704;;;;37.61761761761761;0.7614873270220929;0.6428187537062688
705;;;;37.64264264264261;0.7629888752606117;0.6448173745174915
706;;;;37.66766766766767;0.7644912772591458;0.6468203084257478
707;;;;37.692692692692674;0.7659945360704912;0.6488275652498272
708;;;;37.71771771771773;0.7674986547540034;0.6508391548354341
709;;;;37.742742742742735;0.7690036363755943;0.6528550870552398
710;;;;37.76776776776774;0.7705094840077789;0.654875371809005
711;;;;37.792792792792795;0.772016200729692;0.6569000190236597
712;;;;37.8178178178178;0.7735237896271031;0.6589290386533817
713;;;;37.842842842842856;0.7750322537924582;0.6609624406797125
714;;;;37.86786786786786;0.7765415963248902;0.6630002351116299
715;;;;37.89289289289292;0.7780518203302578;0.6650424319856589
716;;;;37.91791791791792;0.7795629289211461;0.6670890413659333
717;;;;37.94294294294298;0.7810749252169318;0.6691400733443426
718;;;;37.96796796796798;0.7825878123437602;0.6711955380405605
719;;;;37.99299299299298;0.7841015934346077;0.6732554456021911
720;;;;38.01801801801804;0.785616271629299;0.6753198062048502
721;;;;38.04304304304304;0.7871318500745124;0.6773886300522348
722;;;;38.0680680680681;0.7886483319238343;0.6794619273762579
723;;;;38.0930930930931;0.7901657203377581;0.6815397084371059
724;;;;38.118118118118105;0.7916840184837353;0.6836219835233717
725;;;;38.14314314314316;0.7932032295361855;0.6857087629521283
726;;;;38.168168168168165;0.7947233566765168;0.6878000570690188
727;;;;38.193193193193224;0.796244403093177;0.6898958762483877
728;;;;38.218218218218226;0.7977663719816446;0.6919962308933305
729;;;;38.24324324324323;0.7992892665444895;0.6941011314358401
730;;;;38.26826826826829;0.800813089991381;0.6962105883368783
731;;;;38.29329329329329;0.802337845539107;0.6983246120864667
732;;;;38.31831831831835;0.8038635364116272;0.7004432132038217
733;;;;38.34334334334335;0.8053901658400622;0.7025664022374022
734;;;;38.36836836836835;0.806917737062764;0.7046941897650715
735;;;;38.39339339339341;0.8084462533253044;0.7068265863941429
736;;;;38.41841841841841;0.8099757178805238;0.708963602761512
737;;;;38.44344344344347;0.8115061339885552;0.7111052495337544
738;;;;38.46846846846847;0.8130375049168349;0.7132515374072027
739;;;;38.493493493493474;0.814569833940162;0.7154024771080953
740;;;;38.51851851851853;0.8161031243406983;0.71755807939264
741;;;;38.543543543543535;0.817637379408;0.7197183550471232
742;;;;38.568568568568594;0.8191726024390596;0.7218833148880327
743;;;;38.593593593593596;0.8207087967383143;0.7240529697621352
744;;;;38.6186186186186;0.8222459656176929;0.7262273305466074
745;;;;38.64364364364366;0.8237841123966355;0.7284064081491286
746;;;;38.66866866866866;0.8253232404021085;0.7305902135079685
747;;;;38.69369369369372;0.8268633529686588;0.7327787575921284
748;;;;38.71871871871872;0.8284044534384143;0.7349720514014088
749;;;;38.74374374374372;0.82994654516114;0.7371701059665546
750;;;;38.76876876876878;0.8314896314942487;0.7393729323493377
751;;;;38.79379379379378;0.8330337158028296;0.741580541642663
752;;;;38.81881881881884;0.8345788014596871;0.743792944970692
753;;;;38.84384384384384;0.8361248918453553;0.7460101534889295
754;;;;38.868868868868844;0.8376719903481441;0.7482321783843571
755;;;;38.8938938938939;0.839220100364163;0.7504590308755353
756;;;;38.918918918918905;0.8407692252973327;0.752690722212688
757;;;;38.943943943943964;0.8423193685594484;0.7549272636778596
758;;;;38.968968968968966;0.8438705335701671;0.7571686665849673
759;;;;38.99399399399397;0.8454227237570789;0.7594149422799714
760;;;;39.01901901901903;0.8469759425557171;0.7616661021409575
761;;;;39.04404404404403;0.8485301934095699;0.7639221575782241
762;;;;39.06906906906909;0.8500854797701551;0.766183120034458
763;;;;39.09409409409409;0.8516418050970028;0.7684490009847801
764;;;;39.11911911911909;0.8531991728577168;0.7707198119369031
765;;;;39.14414414414415;0.8547575865280016;0.7729955644312408
766;;;;39.16916916916915;0.8563170495916732;0.7752762700409945
767;;;;39.19419419419421;0.8578775655407128;0.7775619403723004
768;;;;39.21921921921921;0.8594391378752775;0.7798525870643164
769;;;;39.244244244244214;0.8610017701037553;0.7821482217893732
770;;;;39.26926926926927;0.8625654657427753;0.7844488562530603
771;;;;39.294294294294275;0.864130228317241;0.786754502194346
772;;;;39.319319319319334;0.8656960613603725;0.7890651713857104
773;;;;39.344344344344336;0.8672629684137292;0.7913808756332511
774;;;;39.36936936936934;0.8688309530272449;0.7937016267768064
775;;;;39.394394394394396;0.8704000187592583;0.7960274366900728
776;;;;39.4194194194194;0.8719701691765404;0.7983583172807172
777;;;;39.44444444444446;0.873541407854339;0.8006942804905163
778;;;;39.46946946946946;0.8751137383763871;0.8030353382954412
779;;;;39.49449449449452;0.8766871643349724;0.8053815027058342
780;;;;39.51951951951952;0.8782616893309233;0.8077327857664608
781;;;;39.54454454454458;0.879837316973688;0.8100891995567017
782;;;;39.56956956956958;0.8814140508813213;0.8124507561906061
783;;;;39.59459459459458;0.8829918946805562;0.8148174678170738
784;;;;39.61961961961964;0.8845708520068242;0.817189346619959
785;;;;39.64464464464464;0.886150926504268;0.8195664048181641
786;;;;39.6696696696697;0.8877321218258095;0.8219486546658171
787;;;;39.694694694694704;0.8893144416331448;0.8243361084523382
788;;;;39.719719719719706;0.8908978895968169;0.8267287785026254
789;;;;39.744744744744764;0.8924824693962258;0.8291266771771444
790;;;;39.769769769769766;0.8940681847196553;0.8315298168720462
791;;;;39.794794794794825;0.89565503926433;0.8339382100193278
792;;;;39.81981981981983;0.8972430367364267;0.8363518690869266
793;;;;39.84484484484483;0.8988321808511298;0.8387708065788814
794;;;;39.86986986986989;0.9004224753326502;0.8411950350354364
795;;;;39.89489489489489;0.9020139239142558;0.8436245670331668
796;;;;39.91991991991995;0.9036065303383286;0.8460594151851407
797;;;;39.94494494494495;0.9052002983563696;0.8484995921410068
798;;;;39.96996996996995;0.9067952317290618;0.8509451105871659
799;;;;39.99499499499501;0.908391334226291;0.8533959832468829
800;;;;40.02002002002001;0.909988609627166;0.8558522228803949
801;;;;40.04504504504507;0.9115870617200945;0.8583138422851065
802;;;;40.070070070070074;0.9131866943027703;0.86078085429565
803;;;;40.095095095095076;0.9147875111822459;0.8632532717840745
804;;;;40.120120120120134;0.9163895161749556;0.8657311076599626
805;;;;40.145145145145136;0.9179927131067399;0.8682143748705469
806;;;;40.170170170170195;0.9195971058129058;0.8707030864008835
807;;;;40.1951951951952;0.92120269813823;0.8731972552739365
808;;;;40.2202202202202;0.9228094939370343;0.8756968945507769
809;;;;40.24524524524526;0.9244174970731941;0.8782020173306749
810;;;;40.27027027027026;0.9260267114201747;0.8807126367512383
811;;;;40.29529529529532;0.9276371408610881;0.8832287659885819
812;;;;40.32032032032032;0.929248789288709;0.8857504182574346
813;;;;40.34534534534532;0.9308616606055223;0.8882776068112945
814;;;;40.37037037037038;0.9324757587237729;0.8908103449425896
815;;;;40.39539539539538;0.934091087565461;0.8933486459827531
816;;;;40.42042042042044;0.9357076510624334;0.8958925233024483
817;;;;40.44544544544544;0.937325453156381;0.8984419903116491
818;;;;40.470470470470445;0.9389444977988933;0.9009970604598068
819;;;;40.495495495495504;0.9405647889515061;0.903557747236011
820;;;;40.520520520520506;0.942186330585702;0.9061240641690737
821;;;;40.545545545545565;0.9438091266830039;0.9086960248277596
822;;;;40.57057057057057;0.9454331812349581;0.9112736428208454
823;;;;40.59559559559557;0.9470584982432142;0.9138569317973307
824;;;;40.62062062062063;0.9486850817195506;0.9164459054465629
825;;;;40.64564564564563;0.9503129356858968;0.9190405774983583
826;;;;40.67067067067069;0.9519420641744044;0.9216409617232004
827;;;;40.69569569569569;0.9535724712274506;0.9242470719323316
828;;;;40.72072072072069;0.955204160897713;0.9268589219779582
829;;;;40.74574574574575;0.9568371372481899;0.9294765257533698
830;;;;40.77077077077075;0.9584714043522302;0.9320998971930736
831;;;;40.79579579579581;0.9601069662936021;0.934729050272991
832;;;;40.82082082082081;0.9617438271665016;0.9373639990105591
833;;;;40.845845845845815;0.9633819910756253;0.9400047574649356
834;;;;40.870870870870874;0.965021462136186;0.9426513397371112
835;;;;40.895895895895876;0.9666622444739534;0.9453037599700632
836;;;;40.920920920920935;0.9683043422253211;0.9479620323489525
837;;;;40.94594594594594;0.9699477595373087;0.9506261711012159
838;;;;40.97097097097094;0.9715925005676431;0.9532961904967872
839;;;;40.995995995996;0.9732385694847712;0.955972104848205
840;;;;41.021021021021;0.9748859704679128;0.9586539285107915
841;;;;41.04604604604606;0.9765347077071026;0.9613416758828083
842;;;;41.07107107107106;0.978184785403223;0.9640353614056006
843;;;;41.09609609609612;0.9798362077680679;0.9667349995637934
844;;;;41.12112112112112;0.9814889790243505;0.9694406048853923
845;;;;41.14614614614618;0.98314310340579;0.9721521919420191
846;;;;41.17117117117118;0.98479858515711;0.9748697753489993
847;;;;41.19619619619618;0.9864554285341111;0.9775933697655731
848;;;;41.22122122122124;0.9881136378037066;0.9803229898950471
849;;;;41.246246246246244;0.9897732172439563;0.9830586504849411
850;;;;41.2712712712713;0.9914341711441268;0.985800366327181
851;;;;41.296296296296305;0.9930965038047163;0.9885481522582324
852;;;;41.32132132132131;0.9947602195375114;0.9913020231592884
853;;;;41.346346346346365;0.9964253226656365;0.994061993956444
854;;;;41.37137137137137;0.9980918175235728;0.9968280796208225
855;;;;41.396396396396426;0.9997597084572326;0.9996002951687928
856;;;;41.42142142142143;1.001428999823983;1.0023786556621035
857;;;;41.44644644644643;1.003099695992703;1.0051631762080735
858;;;;41.47147147147149;1.0047718013438252;1.0079538719597545
859;;;;41.49649649649649;1.0064453202693666;1.0107507581160822
860;;;;41.52152152152155;1.0081202571730061;1.0135538499220966
861;;;;41.54654654654655;1.0097966164700924;1.0163631626690564
862;;;;41.57157157157155;1.0114744025877236;1.0191787116946653
863;;;;41.59659659659661;1.013153619964772;1.0220005123832134
864;;;;41.621621621621614;1.0148342730519306;1.0248285801657504
865;;;;41.64664664664667;1.016516366311777;1.0276629305202922
866;;;;41.671671671671675;1.0181999042187977;1.0305035789719583
867;;;;41.69669669669668;1.019884891259447;1.0333505410931716
868;;;;41.721721721721735;1.0215713319322044;1.0362038325038536
869;;;;41.74674674674674;1.0232592307475943;1.0390634688715534
870;;;;41.771771771771796;1.024948592228259;1.0419294659116762
871;;;;41.7967967967968;1.0266394209089895;1.04480183938763
872;;;;41.8218218218218;1.028331721336785;1.047680605111031
873;;;;41.84684684684686;1.0300254980709065;1.0505657789418918
874;;;;41.87187187187186;1.0317207556828907;1.0534573767887485
875;;;;41.89689689689692;1.0334174987566473;1.0563554146089253
876;;;;41.92192192192192;1.0351157318884658;1.0592599084086494
877;;;;41.94694694694692;1.0368154596870964;1.0621708742432896
878;;;;41.97197197197198;1.0385166867737763;1.0650883282175057
879;;;;41.996996996996984;1.040219417782288;1.0680122864854484
880;;;;42.02202202202204;1.0419236573590143;1.070942765250958
881;;;;42.047047047047045;1.043629410162974;1.0738797807677292
882;;;;42.07207207207205;1.0453366808658862;1.0768233493395245
883;;;;42.097097097097105;1.0470454741522206;1.079773487320366
884;;;;42.12212212212211;1.0487557947192314;1.0827302111146961
885;;;;42.147147147147166;1.0504676472770245;1.0856935371776013
886;;;;42.17217217217217;1.0521810365486004;1.0886634820149885
887;;;;42.19719719719717;1.053895967269913;1.0916400621837956
888;;;;42.22222222222223;1.0556124441899208;1.0946232942921816
889;;;;42.24724724724723;1.057330472070612;1.0976131949996817
890;;;;42.27227227227229;1.0590500556871085;1.1006097810174904
891;;;;42.29729729729729;1.060771199827661;1.1036130691085624
892;;;;42.32232232232229;1.0624939092937493;1.1066230760878935
893;;;;42.34734734734735;1.0642181889001021;1.1096398188226635
894;;;;42.372372372372354;1.0659440434747651;1.1126633142324631
895;;;;42.39739739739741;1.0676714778591563;1.1156935792894997
896;;;;42.422422422422414;1.0694004969080988;1.118730631018763
897;;;;42.447447447447416;1.0711311054899078;1.1217744864982873
898;;;;42.472472472472475;1.0728633084864203;1.1248251628593122
899;;;;42.49749749749748;1.0745971107930459;1.1278826772864847
900;;;;42.522522522522536;1.0763325173188445;1.1309470470181042
901;;;;42.54754754754754;1.078069532986556;1.1340182893462856
902;;;;42.5725725725726;1.0798081627326739;1.1370964216172017
903;;;;42.5975975975976;1.0815484115074838;1.1401814612312624
904;;;;42.62262262262266;1.0832902842751413;1.143273425643365
905;;;;42.64764764764766;1.0850337860136945;1.1463723323630446
906;;;;42.67267267267266;1.086778921715178;1.149478198954757
907;;;;42.69769769769772;1.0885256963856418;1.1525910430380406
908;;;;42.72272272272272;1.0902741150452127;1.15571088228774
909;;;;42.74774774774778;1.0920241827281634;1.1588377344342438
910;;;;42.77277277277278;1.0937759044829474;1.1619716172636607
911;;;;42.797797797797784;1.0955292853722847;1.1651125486180873
912;;;;42.82282282282284;1.0972843304731932;1.16826054639578
913;;;;42.847847847847845;1.099041044877055;1.1714156285513884
914;;;;42.872872872872904;1.1007994336896898;1.1745778130962048
915;;;;42.897897897897906;1.1025595020313812;1.1777471180983263
916;;;;42.92292292292291;1.1043212550369688;1.1809235616829379
917;;;;42.947947947947966;1.1060846978558851;1.184107162032496
918;;;;42.97297297297297;1.1078498356522184;1.1872979373869592
919;;;;42.99799799799803;1.1096166736047857;1.1904959060440397
920;;;;43.02302302302303;1.1113852169071665;1.1937010863593807
921;;;;43.04804804804803;1.1131554707677864;1.1969134967468278
922;;;;43.07307307307309;1.1149274404099772;1.2001331556786579
923;;;;43.09809809809809;1.1167011310720036;1.2033600816857466
924;;;;43.12312312312315;1.1184765480071803;1.2065942933579008
925;;;;43.14814814814815;1.1202536964838727;1.2098358093439814
926;;;;43.173173173173154;1.122032581785608;1.2130846483522277
927;;;;43.19819819819821;1.1238132092111075;1.2163408291504352
928;;;;43.223223223223215;1.1255955840743557;1.2196043705662067
929;;;;43.248248248248274;1.1273797117046724;1.2228752914872052
930;;;;43.273273273273276;1.1291655974467514;1.2261536108613464
931;;;;43.29829829829828;1.1309532466607521;1.229439347697093
932;;;;43.323323323323336;1.1327426647223429;1.232732521063655
933;;;;43.34834834834834;1.1345338570227697;1.236033150091242
934;;;;43.3733733733734;1.136326828968926;1.2393412539713151
935;;;;43.3983983983984;1.138121585983397;1.2426568519567958
936;;;;43.4234234234234;1.1399181335045554;1.245979963362363
937;;;;43.44844844844846;1.141716476986602;1.2493106075646616
938;;;;43.47347347347346;1.1435166218996287;1.2526488040025396
939;;;;43.49849849849852;1.1453185737297065;1.2559945721773396
940;;;;43.52352352352352;1.1471223379789168;1.259347931653085
941;;;;43.548548548548524;1.1489279201654585;1.2627089020568056
942;;;;43.57357357357358;1.150735325823685;1.266077503078736
943;;;;43.598598598598585;1.1525445605041618;1.2694537544725495
944;;;;43.623623623623644;1.1543556297737743;1.2728376760556899
945;;;;43.648648648648646;1.1561685392157526;1.2762292877095476
946;;;;43.67367367367365;1.1579832944297621;1.2796286093797578
947;;;;43.698698698698706;1.1597999010319684;1.2830356610764522
948;;;;43.72372372372371;1.1616183646550906;1.2864504628744926
949;;;;43.74874874874877;1.1634386909484968;1.2898730349137788
950;;;;43.77377377377377;1.165260885578244;1.2933033973994565
951;;;;43.79879879879877;1.167084954227162;1.2967415706022078
952;;;;43.82382382382383;1.1689109025949327;1.3001875748585339
953;;;;43.84884884884883;1.1707387363981283;1.3036414305709587
954;;;;43.87387387387389;1.1725684613703196;1.3071031582083688
955;;;;43.89889889889889;1.1744000832621126;1.310572778306218
956;;;;43.923923923923894;1.1762336078412403;1.3140503114668334
957;;;;43.94894894894895;1.1780690408926338;1.3175357783596868
958;;;;43.973973973973955;1.1799063882184688;1.3210291997216197
959;;;;43.998998998999014;1.181745655638282;1.3245305963571987
960;;;;44.024024024024015;1.183586848988986;1.328039989138883
961;;;;44.04904904904902;1.1854299741249943;1.3315573990073981
962;;;;44.074074074074076;1.1872750369182745;1.3350828469719764
963;;;;44.09909909909908;1.1891220432583993;1.338616354110591
964;;;;44.12412412412414;1.1909709990526538;1.3421579415703024
965;;;;44.14914914914914;1.1928219102260913;1.3457076305675029
966;;;;44.1741741741742;1.1946747827216144;1.349265442388211
967;;;;44.1991991991992;1.1965296225000341;1.3528313983883284
968;;;;44.22422422422426;1.1983864355401797;1.3564055199939882
969;;;;44.24924924924926;1.20024522783892;1.359987828701741
970;;;;44.27427427427426;1.2021060054112984;1.3635783460789537
971;;;;44.29929929929932;1.2039687742905676;1.3671770937640197
972;;;;44.32432432432432;1.205833540528272;1.3707840934666637
973;;;;44.34934934934938;1.2077003101943458;1.3743993669682697
974;;;;44.37437437437438;1.2095690893771622;1.3780229361221257
975;;;;44.399399399399385;1.2114398841836338;1.3816548228537588
976;;;;44.424424424424444;1.2133127007392763;1.3852950491612062
977;;;;44.449449449449446;1.215187545188283;1.3889436371153037
978;;;;44.474474474474505;1.2170644236936266;1.392600608860032
979;;;;44.49949949949951;1.2189433424371048;1.3962659866127511
980;;;;44.52452452452451;1.220824307619454;1.3999397926645682
981;;;;44.54954954954957;1.2227073254604075;1.4036220493806002
982;;;;44.57457457457457;1.2245924021987733;1.4073127792002753
983;;;;44.59959959959963;1.2264795440925313;1.4110120046376693
984;;;;44.62462462462463;1.2283687574188962;1.4147197482817804
985;;;;44.64964964964963;1.2302600484744142;1.418436032796868
986;;;;44.67467467467469;1.232153423575039;1.4221608809227535
987;;;;44.69969969969969;1.2340488890562036;1.4258943154751094
988;;;;44.72472472472475;1.2359464512729257;1.429636359345824
989;;;;44.74974974974975;1.2378461165998609;1.4333870355032527
990;;;;44.774774774774755;1.2397478914314133;1.4371463669925928
991;;;;44.799799799799814;1.2416517821818103;1.4409143769361838
992;;;;44.824824824824816;1.243557795285171;1.4446910885337951
993;;;;44.849849849849875;1.2454659371956194;1.4484765250630063
994;;;;44.87487487487488;1.2473762143873428;1.452270709879478
995;;;;44.89989989989988;1.2492886333546946;1.456073666417311
996;;;;44.92492492492494;1.2512032006122795;1.459885418189372
997;;;;44.94994994994994;1.2531199226950167;1.4637059887875759
998;;;;44.974974974975;1.2550388061582667;1.4675354018832967
999;;;;45.0;1.2569598575778718;1.4713736812276048
